/*--------------------------------*- C++ -*----------------------------------*\
| =========                 |                                                 |
| \\      /  F ield         | OpenFOAM: The Open Source CFD Toolbox           |
|  \\    /   O peration     | Version:  v2012                                 |
|   \\  /    A nd           | Website:  www.openfoam.com                      |
|    \\/     M anipulation  |                                                 |
\*---------------------------------------------------------------------------*/
FoamFile
{
    version     2.0;
    format      ascii;
    class       volScalarField;
    location    "8";
    object      p;
}
// * * * * * * * * * * * * * * * * * * * * * * * * * * * * * * * * * * * * * //

dimensions      [0 2 -2 0 0 0 0];


internalField   nonuniform List<scalar> 
400
(
-1.33318e-13
-1.40508e-13
-1.47982e-13
-1.55604e-13
-1.63168e-13
-1.70391e-13
-1.76916e-13
-1.82333e-13
-1.86233e-13
-1.8828e-13
-1.8828e-13
-1.86233e-13
-1.82333e-13
-1.76916e-13
-1.70391e-13
-1.63168e-13
-1.55604e-13
-1.47982e-13
-1.40508e-13
-1.33318e-13
-1.40508e-13
-1.49003e-13
-1.58007e-13
-1.67388e-13
-1.76916e-13
-1.86233e-13
-1.9485e-13
-2.02159e-13
-2.07515e-13
-2.10358e-13
-2.10358e-13
-2.07515e-13
-2.02159e-13
-1.9485e-13
-1.86233e-13
-1.76916e-13
-1.67388e-13
-1.58007e-13
-1.49003e-13
-1.40508e-13
-1.47982e-13
-1.58007e-13
-1.6887e-13
-1.80472e-13
-1.92584e-13
-2.04785e-13
-2.16413e-13
-2.26563e-13
-2.3418e-13
-2.38289e-13
-2.38289e-13
-2.3418e-13
-2.26563e-13
-2.16413e-13
-2.04785e-13
-1.92584e-13
-1.80472e-13
-1.6887e-13
-1.58007e-13
-1.47982e-13
-1.55604e-13
-1.67388e-13
-1.80472e-13
-1.9485e-13
-2.10358e-13
-2.26563e-13
-2.42622e-13
-2.57192e-13
-2.68502e-13
-2.74747e-13
-2.74747e-13
-2.68502e-13
-2.57192e-13
-2.42622e-13
-2.26563e-13
-2.10358e-13
-1.9485e-13
-1.80472e-13
-1.67388e-13
-1.55604e-13
-1.63168e-13
-1.76916e-13
-1.92584e-13
-2.10358e-13
-2.30277e-13
-2.52048e-13
-2.74747e-13
-2.96471e-13
-3.14186e-13
-3.24323e-13
-3.24323e-13
-3.14186e-13
-2.96471e-13
-2.74747e-13
-2.52048e-13
-2.30277e-13
-2.10358e-13
-1.92584e-13
-1.76916e-13
-1.63168e-13
-1.70391e-13
-1.86233e-13
-2.04785e-13
-2.26563e-13
-2.52048e-13
-2.8145e-13
-3.14186e-13
-3.47941e-13
-3.77604e-13
-3.95595e-13
-3.95595e-13
-3.77604e-13
-3.47941e-13
-3.14186e-13
-2.8145e-13
-2.52048e-13
-2.26563e-13
-2.04785e-13
-1.86233e-13
-1.70391e-13
-1.76916e-13
-1.9485e-13
-2.16413e-13
-2.42622e-13
-2.74747e-13
-3.14186e-13
-3.61864e-13
-4.1643e-13
-4.70375e-13
-5.06609e-13
-5.06609e-13
-4.70375e-13
-4.1643e-13
-3.61864e-13
-3.14186e-13
-2.74747e-13
-2.42622e-13
-2.16413e-13
-1.9485e-13
-1.76916e-13
-1.82333e-13
-2.02159e-13
-2.26563e-13
-2.57192e-13
-2.96471e-13
-3.47941e-13
-4.1643e-13
-5.06609e-13
-6.14354e-13
-7.02541e-13
-7.02541e-13
-6.14354e-13
-5.06609e-13
-4.1643e-13
-3.47941e-13
-2.96471e-13
-2.57192e-13
-2.26563e-13
-2.02159e-13
-1.82333e-13
-1.86233e-13
-2.07515e-13
-2.3418e-13
-2.68502e-13
-3.14186e-13
-3.77604e-13
-4.70375e-13
-6.14354e-13
-8.44349e-13
-1.13281e-12
-1.13281e-12
-8.44349e-13
-6.14354e-13
-4.70375e-13
-3.77604e-13
-3.14186e-13
-2.68502e-13
-2.3418e-13
-2.07515e-13
-1.86233e-13
-1.8828e-13
-2.10358e-13
-2.38289e-13
-2.74747e-13
-3.24323e-13
-3.95595e-13
-5.06609e-13
-7.02541e-13
-1.13281e-12
-2.53305e-12
-2.53305e-12
-1.13281e-12
-7.02541e-13
-5.06609e-13
-3.95595e-13
-3.24323e-13
-2.74747e-13
-2.38289e-13
-2.10358e-13
-1.8828e-13
-1.8828e-13
-2.10358e-13
-2.38289e-13
-2.74747e-13
-3.24323e-13
-3.95595e-13
-5.06609e-13
-7.02541e-13
-1.13281e-12
-2.53305e-12
-2.53305e-12
-1.13281e-12
-7.02541e-13
-5.06609e-13
-3.95595e-13
-3.24323e-13
-2.74747e-13
-2.38289e-13
-2.10358e-13
-1.8828e-13
-1.86233e-13
-2.07515e-13
-2.3418e-13
-2.68502e-13
-3.14186e-13
-3.77604e-13
-4.70375e-13
-6.14354e-13
-8.44349e-13
-1.13281e-12
-1.13281e-12
-8.44349e-13
-6.14354e-13
-4.70375e-13
-3.77604e-13
-3.14186e-13
-2.68502e-13
-2.3418e-13
-2.07515e-13
-1.86233e-13
-1.82333e-13
-2.02159e-13
-2.26563e-13
-2.57192e-13
-2.96471e-13
-3.47941e-13
-4.1643e-13
-5.06609e-13
-6.14354e-13
-7.02541e-13
-7.02541e-13
-6.14354e-13
-5.06609e-13
-4.1643e-13
-3.47941e-13
-2.96471e-13
-2.57192e-13
-2.26563e-13
-2.02159e-13
-1.82333e-13
-1.76916e-13
-1.9485e-13
-2.16413e-13
-2.42622e-13
-2.74747e-13
-3.14186e-13
-3.61864e-13
-4.1643e-13
-4.70375e-13
-5.06609e-13
-5.06609e-13
-4.70375e-13
-4.1643e-13
-3.61864e-13
-3.14186e-13
-2.74747e-13
-2.42622e-13
-2.16413e-13
-1.9485e-13
-1.76916e-13
-1.70391e-13
-1.86233e-13
-2.04785e-13
-2.26563e-13
-2.52048e-13
-2.8145e-13
-3.14186e-13
-3.47941e-13
-3.77604e-13
-3.95595e-13
-3.95595e-13
-3.77604e-13
-3.47941e-13
-3.14186e-13
-2.8145e-13
-2.52048e-13
-2.26563e-13
-2.04785e-13
-1.86233e-13
-1.70391e-13
-1.63168e-13
-1.76916e-13
-1.92584e-13
-2.10358e-13
-2.30277e-13
-2.52048e-13
-2.74747e-13
-2.96471e-13
-3.14186e-13
-3.24323e-13
-3.24323e-13
-3.14186e-13
-2.96471e-13
-2.74747e-13
-2.52048e-13
-2.30277e-13
-2.10358e-13
-1.92584e-13
-1.76916e-13
-1.63168e-13
-1.55604e-13
-1.67388e-13
-1.80472e-13
-1.9485e-13
-2.10358e-13
-2.26563e-13
-2.42622e-13
-2.57192e-13
-2.68502e-13
-2.74747e-13
-2.74747e-13
-2.68502e-13
-2.57192e-13
-2.42622e-13
-2.26563e-13
-2.10358e-13
-1.9485e-13
-1.80472e-13
-1.67388e-13
-1.55604e-13
-1.47982e-13
-1.58007e-13
-1.6887e-13
-1.80472e-13
-1.92584e-13
-2.04785e-13
-2.16413e-13
-2.26563e-13
-2.3418e-13
-2.38289e-13
-2.38289e-13
-2.3418e-13
-2.26563e-13
-2.16413e-13
-2.04785e-13
-1.92584e-13
-1.80472e-13
-1.6887e-13
-1.58007e-13
-1.47982e-13
-1.40508e-13
-1.49003e-13
-1.58007e-13
-1.67388e-13
-1.76916e-13
-1.86233e-13
-1.9485e-13
-2.02159e-13
-2.07515e-13
-2.10358e-13
-2.10358e-13
-2.07515e-13
-2.02159e-13
-1.9485e-13
-1.86233e-13
-1.76916e-13
-1.67388e-13
-1.58007e-13
-1.49003e-13
-1.40508e-13
-1.33318e-13
-1.40508e-13
-1.47982e-13
-1.55604e-13
-1.63168e-13
-1.70391e-13
-1.76916e-13
-1.82333e-13
-1.86233e-13
-1.8828e-13
-1.8828e-13
-1.86233e-13
-1.82333e-13
-1.76916e-13
-1.70391e-13
-1.63168e-13
-1.55604e-13
-1.47982e-13
-1.40508e-13
-1.33318e-13
)
;

boundaryField
{
    movingWall
    {
        type            zeroGradient;
    }
    fixedWalls
    {
        type            zeroGradient;
    }
    frontAndBack
    {
        type            empty;
    }
}


// ************************************************************************* //
