/*--------------------------------*- C++ -*----------------------------------*\
| =========                 |                                                 |
| \\      /  F ield         | OpenFOAM: The Open Source CFD Toolbox           |
|  \\    /   O peration     | Version:  v2012                                 |
|   \\  /    A nd           | Website:  www.openfoam.com                      |
|    \\/     M anipulation  |                                                 |
\*---------------------------------------------------------------------------*/
FoamFile
{
    version     2.0;
    format      ascii;
    class       volScalarField;
    location    "9";
    object      p;
}
// * * * * * * * * * * * * * * * * * * * * * * * * * * * * * * * * * * * * * //

dimensions      [0 2 -2 0 0 0 0];


internalField   nonuniform List<scalar> 
400
(
-4.6032e-14
-4.85145e-14
-5.10951e-14
-5.37267e-14
-5.63384e-14
-5.88325e-14
-6.10852e-14
-6.29556e-14
-6.43024e-14
-6.50091e-14
-6.50091e-14
-6.43024e-14
-6.29556e-14
-6.10852e-14
-5.88325e-14
-5.63384e-14
-5.37267e-14
-5.10951e-14
-4.85145e-14
-4.6032e-14
-4.85145e-14
-5.14475e-14
-5.45565e-14
-5.77957e-14
-6.10852e-14
-6.43024e-14
-6.72775e-14
-6.98013e-14
-7.16506e-14
-7.26322e-14
-7.26322e-14
-7.16506e-14
-6.98013e-14
-6.72775e-14
-6.43024e-14
-6.10852e-14
-5.77957e-14
-5.45565e-14
-5.14475e-14
-4.85145e-14
-5.10951e-14
-5.45565e-14
-5.83072e-14
-6.23132e-14
-6.64952e-14
-7.07078e-14
-7.47228e-14
-7.82273e-14
-8.08575e-14
-8.22762e-14
-8.22762e-14
-8.08575e-14
-7.82273e-14
-7.47228e-14
-7.07078e-14
-6.64952e-14
-6.23132e-14
-5.83072e-14
-5.45565e-14
-5.10951e-14
-5.37267e-14
-5.77957e-14
-6.23132e-14
-6.72775e-14
-7.26322e-14
-7.82273e-14
-8.37722e-14
-8.88029e-14
-9.27082e-14
-9.48645e-14
-9.48645e-14
-9.27082e-14
-8.88029e-14
-8.37722e-14
-7.82273e-14
-7.26322e-14
-6.72775e-14
-6.23132e-14
-5.77957e-14
-5.37267e-14
-5.63384e-14
-6.10852e-14
-6.64952e-14
-7.26322e-14
-7.95098e-14
-8.70267e-14
-9.48645e-14
-1.02365e-13
-1.08482e-13
-1.11982e-13
-1.11982e-13
-1.08482e-13
-1.02365e-13
-9.48645e-14
-8.70267e-14
-7.95098e-14
-7.26322e-14
-6.64952e-14
-6.10852e-14
-5.63384e-14
-5.88325e-14
-6.43024e-14
-7.07078e-14
-7.82273e-14
-8.70267e-14
-9.71786e-14
-1.08482e-13
-1.20137e-13
-1.30379e-13
-1.36591e-13
-1.36591e-13
-1.30379e-13
-1.20137e-13
-1.08482e-13
-9.71786e-14
-8.70267e-14
-7.82273e-14
-7.07078e-14
-6.43024e-14
-5.88325e-14
-6.10852e-14
-6.72775e-14
-7.47228e-14
-8.37722e-14
-9.48645e-14
-1.08482e-13
-1.24944e-13
-1.43785e-13
-1.62411e-13
-1.74921e-13
-1.74921e-13
-1.62411e-13
-1.43785e-13
-1.24944e-13
-1.08482e-13
-9.48645e-14
-8.37722e-14
-7.47228e-14
-6.72775e-14
-6.10852e-14
-6.29556e-14
-6.98013e-14
-7.82273e-14
-8.88029e-14
-1.02365e-13
-1.20137e-13
-1.43785e-13
-1.74921e-13
-2.12123e-13
-2.42572e-13
-2.42572e-13
-2.12123e-13
-1.74921e-13
-1.43785e-13
-1.20137e-13
-1.02365e-13
-8.88029e-14
-7.82273e-14
-6.98013e-14
-6.29556e-14
-6.43024e-14
-7.16506e-14
-8.08575e-14
-9.27082e-14
-1.08482e-13
-1.30379e-13
-1.62411e-13
-2.12123e-13
-2.91536e-13
-3.91136e-13
-3.91136e-13
-2.91536e-13
-2.12123e-13
-1.62411e-13
-1.30379e-13
-1.08482e-13
-9.27082e-14
-8.08575e-14
-7.16506e-14
-6.43024e-14
-6.50091e-14
-7.26322e-14
-8.22762e-14
-9.48645e-14
-1.11982e-13
-1.36591e-13
-1.74921e-13
-2.42572e-13
-3.91136e-13
-8.74607e-13
-8.74607e-13
-3.91136e-13
-2.42572e-13
-1.74921e-13
-1.36591e-13
-1.11982e-13
-9.48645e-14
-8.22762e-14
-7.26322e-14
-6.50091e-14
-6.50091e-14
-7.26322e-14
-8.22762e-14
-9.48645e-14
-1.11982e-13
-1.36591e-13
-1.74921e-13
-2.42572e-13
-3.91136e-13
-8.74607e-13
-8.74607e-13
-3.91136e-13
-2.42572e-13
-1.74921e-13
-1.36591e-13
-1.11982e-13
-9.48645e-14
-8.22762e-14
-7.26322e-14
-6.50091e-14
-6.43024e-14
-7.16506e-14
-8.08575e-14
-9.27082e-14
-1.08482e-13
-1.30379e-13
-1.62411e-13
-2.12123e-13
-2.91536e-13
-3.91136e-13
-3.91136e-13
-2.91536e-13
-2.12123e-13
-1.62411e-13
-1.30379e-13
-1.08482e-13
-9.27082e-14
-8.08575e-14
-7.16506e-14
-6.43024e-14
-6.29556e-14
-6.98013e-14
-7.82273e-14
-8.88029e-14
-1.02365e-13
-1.20137e-13
-1.43785e-13
-1.74921e-13
-2.12123e-13
-2.42572e-13
-2.42572e-13
-2.12123e-13
-1.74921e-13
-1.43785e-13
-1.20137e-13
-1.02365e-13
-8.88029e-14
-7.82273e-14
-6.98013e-14
-6.29556e-14
-6.10852e-14
-6.72775e-14
-7.47228e-14
-8.37722e-14
-9.48645e-14
-1.08482e-13
-1.24944e-13
-1.43785e-13
-1.62411e-13
-1.74921e-13
-1.74921e-13
-1.62411e-13
-1.43785e-13
-1.24944e-13
-1.08482e-13
-9.48645e-14
-8.37722e-14
-7.47228e-14
-6.72775e-14
-6.10852e-14
-5.88325e-14
-6.43024e-14
-7.07078e-14
-7.82273e-14
-8.70267e-14
-9.71786e-14
-1.08482e-13
-1.20137e-13
-1.30379e-13
-1.36591e-13
-1.36591e-13
-1.30379e-13
-1.20137e-13
-1.08482e-13
-9.71786e-14
-8.70267e-14
-7.82273e-14
-7.07078e-14
-6.43024e-14
-5.88325e-14
-5.63384e-14
-6.10852e-14
-6.64952e-14
-7.26322e-14
-7.95098e-14
-8.70267e-14
-9.48645e-14
-1.02365e-13
-1.08482e-13
-1.11982e-13
-1.11982e-13
-1.08482e-13
-1.02365e-13
-9.48645e-14
-8.70267e-14
-7.95098e-14
-7.26322e-14
-6.64952e-14
-6.10852e-14
-5.63384e-14
-5.37267e-14
-5.77957e-14
-6.23132e-14
-6.72775e-14
-7.26322e-14
-7.82273e-14
-8.37722e-14
-8.88029e-14
-9.27082e-14
-9.48645e-14
-9.48645e-14
-9.27082e-14
-8.88029e-14
-8.37722e-14
-7.82273e-14
-7.26322e-14
-6.72775e-14
-6.23132e-14
-5.77957e-14
-5.37267e-14
-5.10951e-14
-5.45565e-14
-5.83072e-14
-6.23132e-14
-6.64952e-14
-7.07078e-14
-7.47228e-14
-7.82273e-14
-8.08575e-14
-8.22762e-14
-8.22762e-14
-8.08575e-14
-7.82273e-14
-7.47228e-14
-7.07078e-14
-6.64952e-14
-6.23132e-14
-5.83072e-14
-5.45565e-14
-5.10951e-14
-4.85145e-14
-5.14475e-14
-5.45565e-14
-5.77957e-14
-6.10852e-14
-6.43024e-14
-6.72775e-14
-6.98013e-14
-7.16506e-14
-7.26322e-14
-7.26322e-14
-7.16506e-14
-6.98013e-14
-6.72775e-14
-6.43024e-14
-6.10852e-14
-5.77957e-14
-5.45565e-14
-5.14475e-14
-4.85145e-14
-4.6032e-14
-4.85145e-14
-5.10951e-14
-5.37267e-14
-5.63384e-14
-5.88325e-14
-6.10852e-14
-6.29556e-14
-6.43024e-14
-6.50091e-14
-6.50091e-14
-6.43024e-14
-6.29556e-14
-6.10852e-14
-5.88325e-14
-5.63384e-14
-5.37267e-14
-5.10951e-14
-4.85145e-14
-4.6032e-14
)
;

boundaryField
{
    movingWall
    {
        type            zeroGradient;
    }
    fixedWalls
    {
        type            zeroGradient;
    }
    frontAndBack
    {
        type            empty;
    }
}


// ************************************************************************* //
