/*--------------------------------*- C++ -*----------------------------------*\
| =========                 |                                                 |
| \\      /  F ield         | OpenFOAM: The Open Source CFD Toolbox           |
|  \\    /   O peration     | Version:  v2012                                 |
|   \\  /    A nd           | Website:  www.openfoam.com                      |
|    \\/     M anipulation  |                                                 |
\*---------------------------------------------------------------------------*/
FoamFile
{
    version     2.0;
    format      ascii;
    class       volScalarField;
    location    "2";
    object      p;
}
// * * * * * * * * * * * * * * * * * * * * * * * * * * * * * * * * * * * * * //

dimensions      [0 2 -2 0 0 0 0];


internalField   nonuniform List<scalar> 
400
(
4.96819e-15
5.23613e-15
5.51465e-15
5.79868e-15
6.08056e-15
6.34974e-15
6.59288e-15
6.79475e-15
6.94011e-15
7.01637e-15
7.01637e-15
6.94011e-15
6.79475e-15
6.59288e-15
6.34974e-15
6.08056e-15
5.79868e-15
5.51465e-15
5.23613e-15
4.96819e-15
5.23613e-15
5.55269e-15
5.88824e-15
6.23784e-15
6.59288e-15
6.94011e-15
7.2612e-15
7.53359e-15
7.73319e-15
7.83913e-15
7.83913e-15
7.73319e-15
7.53359e-15
7.2612e-15
6.94011e-15
6.59288e-15
6.23784e-15
5.88824e-15
5.55269e-15
5.23613e-15
5.51465e-15
5.88824e-15
6.29304e-15
6.72541e-15
7.17677e-15
7.63144e-15
8.06476e-15
8.443e-15
8.72688e-15
8.88e-15
8.88e-15
8.72688e-15
8.443e-15
8.06476e-15
7.63144e-15
7.17677e-15
6.72541e-15
6.29304e-15
5.88824e-15
5.51465e-15
5.79868e-15
6.23784e-15
6.72541e-15
7.2612e-15
7.83913e-15
8.443e-15
9.04146e-15
9.58443e-15
1.00059e-14
1.02386e-14
1.02386e-14
1.00059e-14
9.58443e-15
9.04146e-15
8.443e-15
7.83913e-15
7.2612e-15
6.72541e-15
6.23784e-15
5.79868e-15
6.08056e-15
6.59288e-15
7.17677e-15
7.83913e-15
8.58142e-15
9.39272e-15
1.02386e-14
1.10482e-14
1.17083e-14
1.20861e-14
1.20861e-14
1.17083e-14
1.10482e-14
1.02386e-14
9.39272e-15
8.58142e-15
7.83913e-15
7.17677e-15
6.59288e-15
6.08056e-15
6.34974e-15
6.94011e-15
7.63144e-15
8.443e-15
9.39272e-15
1.04884e-14
1.17083e-14
1.29662e-14
1.40717e-14
1.47421e-14
1.47421e-14
1.40717e-14
1.29662e-14
1.17083e-14
1.04884e-14
9.39272e-15
8.443e-15
7.63144e-15
6.94011e-15
6.34974e-15
6.59288e-15
7.2612e-15
8.06476e-15
9.04146e-15
1.02386e-14
1.17083e-14
1.34851e-14
1.55185e-14
1.75288e-14
1.88791e-14
1.88791e-14
1.75288e-14
1.55185e-14
1.34851e-14
1.17083e-14
1.02386e-14
9.04146e-15
8.06476e-15
7.2612e-15
6.59288e-15
6.79475e-15
7.53359e-15
8.443e-15
9.58443e-15
1.10482e-14
1.29662e-14
1.55185e-14
1.88791e-14
2.28943e-14
2.61806e-14
2.61806e-14
2.28943e-14
1.88791e-14
1.55185e-14
1.29662e-14
1.10482e-14
9.58443e-15
8.443e-15
7.53359e-15
6.79475e-15
6.94011e-15
7.73319e-15
8.72688e-15
1.00059e-14
1.17083e-14
1.40717e-14
1.75288e-14
2.28943e-14
3.14652e-14
4.2215e-14
4.2215e-14
3.14652e-14
2.28943e-14
1.75288e-14
1.40717e-14
1.17083e-14
1.00059e-14
8.72688e-15
7.73319e-15
6.94011e-15
7.01637e-15
7.83913e-15
8.88e-15
1.02386e-14
1.20861e-14
1.47421e-14
1.88791e-14
2.61806e-14
4.2215e-14
9.43956e-14
9.43956e-14
4.2215e-14
2.61806e-14
1.88791e-14
1.47421e-14
1.20861e-14
1.02386e-14
8.88e-15
7.83913e-15
7.01637e-15
7.01637e-15
7.83913e-15
8.88e-15
1.02386e-14
1.20861e-14
1.47421e-14
1.88791e-14
2.61806e-14
4.2215e-14
9.43956e-14
9.43956e-14
4.2215e-14
2.61806e-14
1.88791e-14
1.47421e-14
1.20861e-14
1.02386e-14
8.88e-15
7.83913e-15
7.01637e-15
6.94011e-15
7.73319e-15
8.72688e-15
1.00059e-14
1.17083e-14
1.40717e-14
1.75288e-14
2.28943e-14
3.14652e-14
4.2215e-14
4.2215e-14
3.14652e-14
2.28943e-14
1.75288e-14
1.40717e-14
1.17083e-14
1.00059e-14
8.72688e-15
7.73319e-15
6.94011e-15
6.79475e-15
7.53359e-15
8.443e-15
9.58443e-15
1.10482e-14
1.29662e-14
1.55185e-14
1.88791e-14
2.28943e-14
2.61806e-14
2.61806e-14
2.28943e-14
1.88791e-14
1.55185e-14
1.29662e-14
1.10482e-14
9.58443e-15
8.443e-15
7.53359e-15
6.79475e-15
6.59288e-15
7.2612e-15
8.06476e-15
9.04146e-15
1.02386e-14
1.17083e-14
1.34851e-14
1.55185e-14
1.75288e-14
1.88791e-14
1.88791e-14
1.75288e-14
1.55185e-14
1.34851e-14
1.17083e-14
1.02386e-14
9.04146e-15
8.06476e-15
7.2612e-15
6.59288e-15
6.34974e-15
6.94011e-15
7.63144e-15
8.443e-15
9.39272e-15
1.04884e-14
1.17083e-14
1.29662e-14
1.40717e-14
1.47421e-14
1.47421e-14
1.40717e-14
1.29662e-14
1.17083e-14
1.04884e-14
9.39272e-15
8.443e-15
7.63144e-15
6.94011e-15
6.34974e-15
6.08056e-15
6.59288e-15
7.17677e-15
7.83913e-15
8.58142e-15
9.39272e-15
1.02386e-14
1.10482e-14
1.17083e-14
1.20861e-14
1.20861e-14
1.17083e-14
1.10482e-14
1.02386e-14
9.39272e-15
8.58142e-15
7.83913e-15
7.17677e-15
6.59288e-15
6.08056e-15
5.79868e-15
6.23784e-15
6.72541e-15
7.2612e-15
7.83913e-15
8.443e-15
9.04146e-15
9.58443e-15
1.00059e-14
1.02386e-14
1.02386e-14
1.00059e-14
9.58443e-15
9.04146e-15
8.443e-15
7.83913e-15
7.2612e-15
6.72541e-15
6.23784e-15
5.79868e-15
5.51465e-15
5.88824e-15
6.29304e-15
6.72541e-15
7.17677e-15
7.63144e-15
8.06476e-15
8.443e-15
8.72688e-15
8.88e-15
8.88e-15
8.72688e-15
8.443e-15
8.06476e-15
7.63144e-15
7.17677e-15
6.72541e-15
6.29304e-15
5.88824e-15
5.51465e-15
5.23613e-15
5.55269e-15
5.88824e-15
6.23784e-15
6.59288e-15
6.94011e-15
7.2612e-15
7.53359e-15
7.73319e-15
7.83913e-15
7.83913e-15
7.73319e-15
7.53359e-15
7.2612e-15
6.94011e-15
6.59288e-15
6.23784e-15
5.88824e-15
5.55269e-15
5.23613e-15
4.96819e-15
5.23613e-15
5.51465e-15
5.79868e-15
6.08056e-15
6.34974e-15
6.59288e-15
6.79475e-15
6.94011e-15
7.01637e-15
7.01637e-15
6.94011e-15
6.79475e-15
6.59288e-15
6.34974e-15
6.08056e-15
5.79868e-15
5.51465e-15
5.23613e-15
4.96819e-15
)
;

boundaryField
{
    movingWall
    {
        type            zeroGradient;
    }
    fixedWalls
    {
        type            zeroGradient;
    }
    frontAndBack
    {
        type            empty;
    }
}


// ************************************************************************* //
