/*--------------------------------*- C++ -*----------------------------------*\
| =========                 |                                                 |
| \\      /  F ield         | OpenFOAM: The Open Source CFD Toolbox           |
|  \\    /   O peration     | Version:  v2012                                 |
|   \\  /    A nd           | Website:  www.openfoam.com                      |
|    \\/     M anipulation  |                                                 |
\*---------------------------------------------------------------------------*/
FoamFile
{
    version     2.0;
    format      ascii;
    class       volScalarField;
    location    "1.5";
    object      p;
}
// * * * * * * * * * * * * * * * * * * * * * * * * * * * * * * * * * * * * * //

dimensions      [0 2 -2 0 0 0 0];


internalField   nonuniform List<scalar> 
400
(
-3.27022e-15
-3.44658e-15
-3.62992e-15
-3.81687e-15
-4.00241e-15
-4.1796e-15
-4.33964e-15
-4.47251e-15
-4.56819e-15
-4.61839e-15
-4.61839e-15
-4.56819e-15
-4.47251e-15
-4.33964e-15
-4.1796e-15
-4.00241e-15
-3.81687e-15
-3.62992e-15
-3.44658e-15
-3.27022e-15
-3.44658e-15
-3.65495e-15
-3.87582e-15
-4.10594e-15
-4.33964e-15
-4.56819e-15
-4.77955e-15
-4.95884e-15
-5.09023e-15
-5.15996e-15
-5.15996e-15
-5.09023e-15
-4.95884e-15
-4.77955e-15
-4.56819e-15
-4.33964e-15
-4.10594e-15
-3.87582e-15
-3.65495e-15
-3.44658e-15
-3.62992e-15
-3.87582e-15
-4.14228e-15
-4.42687e-15
-4.72397e-15
-5.02325e-15
-5.30848e-15
-5.55745e-15
-5.7443e-15
-5.84509e-15
-5.84509e-15
-5.7443e-15
-5.55745e-15
-5.30848e-15
-5.02325e-15
-4.72397e-15
-4.42687e-15
-4.14228e-15
-3.87582e-15
-3.62992e-15
-3.81687e-15
-4.10594e-15
-4.42687e-15
-4.77955e-15
-5.15996e-15
-5.55745e-15
-5.95137e-15
-6.30877e-15
-6.58621e-15
-6.73939e-15
-6.73939e-15
-6.58621e-15
-6.30877e-15
-5.95137e-15
-5.55745e-15
-5.15996e-15
-4.77955e-15
-4.42687e-15
-4.10594e-15
-3.81687e-15
-4.00241e-15
-4.33964e-15
-4.72397e-15
-5.15996e-15
-5.64856e-15
-6.18258e-15
-6.73939e-15
-7.27225e-15
-7.70679e-15
-7.95546e-15
-7.95546e-15
-7.70679e-15
-7.27225e-15
-6.73939e-15
-6.18258e-15
-5.64856e-15
-5.15996e-15
-4.72397e-15
-4.33964e-15
-4.00241e-15
-4.1796e-15
-4.56819e-15
-5.02325e-15
-5.55745e-15
-6.18258e-15
-6.90379e-15
-7.70679e-15
-8.53478e-15
-9.26241e-15
-9.70372e-15
-9.70372e-15
-9.26241e-15
-8.53478e-15
-7.70679e-15
-6.90379e-15
-6.18258e-15
-5.55745e-15
-5.02325e-15
-4.56819e-15
-4.1796e-15
-4.33964e-15
-4.77955e-15
-5.30848e-15
-5.95137e-15
-6.73939e-15
-7.70679e-15
-8.87631e-15
-1.02148e-14
-1.1538e-14
-1.24268e-14
-1.24268e-14
-1.1538e-14
-1.02148e-14
-8.87631e-15
-7.70679e-15
-6.73939e-15
-5.95137e-15
-5.30848e-15
-4.77955e-15
-4.33964e-15
-4.47251e-15
-4.95884e-15
-5.55745e-15
-6.30877e-15
-7.27225e-15
-8.53478e-15
-1.02148e-14
-1.24268e-14
-1.50697e-14
-1.72329e-14
-1.72329e-14
-1.50697e-14
-1.24268e-14
-1.02148e-14
-8.53478e-15
-7.27225e-15
-6.30877e-15
-5.55745e-15
-4.95884e-15
-4.47251e-15
-4.56819e-15
-5.09023e-15
-5.7443e-15
-6.58621e-15
-7.70679e-15
-9.26241e-15
-1.1538e-14
-1.50697e-14
-2.07114e-14
-2.77872e-14
-2.77872e-14
-2.07114e-14
-1.50697e-14
-1.1538e-14
-9.26241e-15
-7.70679e-15
-6.58621e-15
-5.7443e-15
-5.09023e-15
-4.56819e-15
-4.61839e-15
-5.15996e-15
-5.84509e-15
-6.73939e-15
-7.95546e-15
-9.70372e-15
-1.24268e-14
-1.72329e-14
-2.77872e-14
-6.21341e-14
-6.21341e-14
-2.77872e-14
-1.72329e-14
-1.24268e-14
-9.70372e-15
-7.95546e-15
-6.73939e-15
-5.84509e-15
-5.15996e-15
-4.61839e-15
-4.61839e-15
-5.15996e-15
-5.84509e-15
-6.73939e-15
-7.95546e-15
-9.70372e-15
-1.24268e-14
-1.72329e-14
-2.77872e-14
-6.21341e-14
-6.21341e-14
-2.77872e-14
-1.72329e-14
-1.24268e-14
-9.70372e-15
-7.95546e-15
-6.73939e-15
-5.84509e-15
-5.15996e-15
-4.61839e-15
-4.56819e-15
-5.09023e-15
-5.7443e-15
-6.58621e-15
-7.70679e-15
-9.26241e-15
-1.1538e-14
-1.50697e-14
-2.07114e-14
-2.77872e-14
-2.77872e-14
-2.07114e-14
-1.50697e-14
-1.1538e-14
-9.26241e-15
-7.70679e-15
-6.58621e-15
-5.7443e-15
-5.09023e-15
-4.56819e-15
-4.47251e-15
-4.95884e-15
-5.55745e-15
-6.30877e-15
-7.27225e-15
-8.53478e-15
-1.02148e-14
-1.24268e-14
-1.50697e-14
-1.72329e-14
-1.72329e-14
-1.50697e-14
-1.24268e-14
-1.02148e-14
-8.53478e-15
-7.27225e-15
-6.30877e-15
-5.55745e-15
-4.95884e-15
-4.47251e-15
-4.33964e-15
-4.77955e-15
-5.30848e-15
-5.95137e-15
-6.73939e-15
-7.70679e-15
-8.87631e-15
-1.02148e-14
-1.1538e-14
-1.24268e-14
-1.24268e-14
-1.1538e-14
-1.02148e-14
-8.87631e-15
-7.70679e-15
-6.73939e-15
-5.95137e-15
-5.30848e-15
-4.77955e-15
-4.33964e-15
-4.1796e-15
-4.56819e-15
-5.02325e-15
-5.55745e-15
-6.18258e-15
-6.90379e-15
-7.70679e-15
-8.53478e-15
-9.26241e-15
-9.70372e-15
-9.70372e-15
-9.26241e-15
-8.53478e-15
-7.70679e-15
-6.90379e-15
-6.18258e-15
-5.55745e-15
-5.02325e-15
-4.56819e-15
-4.1796e-15
-4.00241e-15
-4.33964e-15
-4.72397e-15
-5.15996e-15
-5.64856e-15
-6.18258e-15
-6.73939e-15
-7.27225e-15
-7.70679e-15
-7.95546e-15
-7.95546e-15
-7.70679e-15
-7.27225e-15
-6.73939e-15
-6.18258e-15
-5.64856e-15
-5.15996e-15
-4.72397e-15
-4.33964e-15
-4.00241e-15
-3.81687e-15
-4.10594e-15
-4.42687e-15
-4.77955e-15
-5.15996e-15
-5.55745e-15
-5.95137e-15
-6.30877e-15
-6.58621e-15
-6.73939e-15
-6.73939e-15
-6.58621e-15
-6.30877e-15
-5.95137e-15
-5.55745e-15
-5.15996e-15
-4.77955e-15
-4.42687e-15
-4.10594e-15
-3.81687e-15
-3.62992e-15
-3.87582e-15
-4.14228e-15
-4.42687e-15
-4.72397e-15
-5.02325e-15
-5.30848e-15
-5.55745e-15
-5.7443e-15
-5.84509e-15
-5.84509e-15
-5.7443e-15
-5.55745e-15
-5.30848e-15
-5.02325e-15
-4.72397e-15
-4.42687e-15
-4.14228e-15
-3.87582e-15
-3.62992e-15
-3.44658e-15
-3.65495e-15
-3.87582e-15
-4.10594e-15
-4.33964e-15
-4.56819e-15
-4.77955e-15
-4.95884e-15
-5.09023e-15
-5.15996e-15
-5.15996e-15
-5.09023e-15
-4.95884e-15
-4.77955e-15
-4.56819e-15
-4.33964e-15
-4.10594e-15
-3.87582e-15
-3.65495e-15
-3.44658e-15
-3.27022e-15
-3.44658e-15
-3.62992e-15
-3.81687e-15
-4.00241e-15
-4.1796e-15
-4.33964e-15
-4.47251e-15
-4.56819e-15
-4.61839e-15
-4.61839e-15
-4.56819e-15
-4.47251e-15
-4.33964e-15
-4.1796e-15
-4.00241e-15
-3.81687e-15
-3.62992e-15
-3.44658e-15
-3.27022e-15
)
;

boundaryField
{
    movingWall
    {
        type            zeroGradient;
    }
    fixedWalls
    {
        type            zeroGradient;
    }
    frontAndBack
    {
        type            empty;
    }
}


// ************************************************************************* //
