/*--------------------------------*- C++ -*----------------------------------*\
| =========                 |                                                 |
| \\      /  F ield         | OpenFOAM: The Open Source CFD Toolbox           |
|  \\    /   O peration     | Version:  v2012                                 |
|   \\  /    A nd           | Website:  www.openfoam.com                      |
|    \\/     M anipulation  |                                                 |
\*---------------------------------------------------------------------------*/
FoamFile
{
    version     2.0;
    format      ascii;
    class       volScalarField;
    location    "2.5";
    object      p;
}
// * * * * * * * * * * * * * * * * * * * * * * * * * * * * * * * * * * * * * //

dimensions      [0 2 -2 0 0 0 0];


internalField   nonuniform List<scalar> 
400
(
6.09975e-15
6.42871e-15
6.77067e-15
7.11939e-15
7.46547e-15
7.79596e-15
8.09448e-15
8.34232e-15
8.52079e-15
8.61443e-15
8.61443e-15
8.52079e-15
8.34232e-15
8.09448e-15
7.79596e-15
7.46547e-15
7.11939e-15
6.77067e-15
6.42871e-15
6.09975e-15
6.42871e-15
6.81737e-15
7.22935e-15
7.65857e-15
8.09448e-15
8.52079e-15
8.91502e-15
9.24945e-15
9.49451e-15
9.62458e-15
9.62458e-15
9.49451e-15
9.24945e-15
8.91502e-15
8.52079e-15
8.09448e-15
7.65857e-15
7.22935e-15
6.81737e-15
6.42871e-15
6.77067e-15
7.22935e-15
7.72635e-15
8.2572e-15
8.81135e-15
9.36958e-15
9.9016e-15
1.0366e-14
1.07145e-14
1.09025e-14
1.09025e-14
1.07145e-14
1.0366e-14
9.9016e-15
9.36958e-15
8.81135e-15
8.2572e-15
7.72635e-15
7.22935e-15
6.77067e-15
7.11939e-15
7.65857e-15
8.2572e-15
8.91502e-15
9.62458e-15
1.0366e-14
1.11008e-14
1.17674e-14
1.22849e-14
1.25706e-14
1.25706e-14
1.22849e-14
1.17674e-14
1.11008e-14
1.0366e-14
9.62458e-15
8.91502e-15
8.2572e-15
7.65857e-15
7.11939e-15
7.46547e-15
8.09448e-15
8.81135e-15
9.62458e-15
1.05359e-14
1.1532e-14
1.25706e-14
1.35645e-14
1.4375e-14
1.48389e-14
1.48389e-14
1.4375e-14
1.35645e-14
1.25706e-14
1.1532e-14
1.05359e-14
9.62458e-15
8.81135e-15
8.09448e-15
7.46547e-15
7.79596e-15
8.52079e-15
9.36958e-15
1.0366e-14
1.1532e-14
1.28773e-14
1.4375e-14
1.59194e-14
1.72766e-14
1.80998e-14
1.80998e-14
1.72766e-14
1.59194e-14
1.4375e-14
1.28773e-14
1.1532e-14
1.0366e-14
9.36958e-15
8.52079e-15
7.79596e-15
8.09448e-15
8.91502e-15
9.9016e-15
1.11008e-14
1.25706e-14
1.4375e-14
1.65565e-14
1.90531e-14
2.15212e-14
2.31791e-14
2.31791e-14
2.15212e-14
1.90531e-14
1.65565e-14
1.4375e-14
1.25706e-14
1.11008e-14
9.9016e-15
8.91502e-15
8.09448e-15
8.34232e-15
9.24945e-15
1.0366e-14
1.17674e-14
1.35645e-14
1.59194e-14
1.90531e-14
2.31791e-14
2.81087e-14
3.21436e-14
3.21436e-14
2.81087e-14
2.31791e-14
1.90531e-14
1.59194e-14
1.35645e-14
1.17674e-14
1.0366e-14
9.24945e-15
8.34232e-15
8.52079e-15
9.49451e-15
1.07145e-14
1.22849e-14
1.4375e-14
1.72766e-14
2.15212e-14
2.81087e-14
3.86318e-14
5.18299e-14
5.18299e-14
3.86318e-14
2.81087e-14
2.15212e-14
1.72766e-14
1.4375e-14
1.22849e-14
1.07145e-14
9.49451e-15
8.52079e-15
8.61443e-15
9.62458e-15
1.09025e-14
1.25706e-14
1.48389e-14
1.80998e-14
2.31791e-14
3.21436e-14
5.18299e-14
1.15895e-13
1.15895e-13
5.18299e-14
3.21436e-14
2.31791e-14
1.80998e-14
1.48389e-14
1.25706e-14
1.09025e-14
9.62458e-15
8.61443e-15
8.61443e-15
9.62458e-15
1.09025e-14
1.25706e-14
1.48389e-14
1.80998e-14
2.31791e-14
3.21436e-14
5.18299e-14
1.15895e-13
1.15895e-13
5.18299e-14
3.21436e-14
2.31791e-14
1.80998e-14
1.48389e-14
1.25706e-14
1.09025e-14
9.62458e-15
8.61443e-15
8.52079e-15
9.49451e-15
1.07145e-14
1.22849e-14
1.4375e-14
1.72766e-14
2.15212e-14
2.81087e-14
3.86318e-14
5.18299e-14
5.18299e-14
3.86318e-14
2.81087e-14
2.15212e-14
1.72766e-14
1.4375e-14
1.22849e-14
1.07145e-14
9.49451e-15
8.52079e-15
8.34232e-15
9.24945e-15
1.0366e-14
1.17674e-14
1.35645e-14
1.59194e-14
1.90531e-14
2.31791e-14
2.81087e-14
3.21436e-14
3.21436e-14
2.81087e-14
2.31791e-14
1.90531e-14
1.59194e-14
1.35645e-14
1.17674e-14
1.0366e-14
9.24945e-15
8.34232e-15
8.09448e-15
8.91502e-15
9.9016e-15
1.11008e-14
1.25706e-14
1.4375e-14
1.65565e-14
1.90531e-14
2.15212e-14
2.31791e-14
2.31791e-14
2.15212e-14
1.90531e-14
1.65565e-14
1.4375e-14
1.25706e-14
1.11008e-14
9.9016e-15
8.91502e-15
8.09448e-15
7.79596e-15
8.52079e-15
9.36958e-15
1.0366e-14
1.1532e-14
1.28773e-14
1.4375e-14
1.59194e-14
1.72766e-14
1.80998e-14
1.80998e-14
1.72766e-14
1.59194e-14
1.4375e-14
1.28773e-14
1.1532e-14
1.0366e-14
9.36958e-15
8.52079e-15
7.79596e-15
7.46547e-15
8.09448e-15
8.81135e-15
9.62458e-15
1.05359e-14
1.1532e-14
1.25706e-14
1.35645e-14
1.4375e-14
1.48389e-14
1.48389e-14
1.4375e-14
1.35645e-14
1.25706e-14
1.1532e-14
1.05359e-14
9.62458e-15
8.81135e-15
8.09448e-15
7.46547e-15
7.11939e-15
7.65857e-15
8.2572e-15
8.91502e-15
9.62458e-15
1.0366e-14
1.11008e-14
1.17674e-14
1.22849e-14
1.25706e-14
1.25706e-14
1.22849e-14
1.17674e-14
1.11008e-14
1.0366e-14
9.62458e-15
8.91502e-15
8.2572e-15
7.65857e-15
7.11939e-15
6.77067e-15
7.22935e-15
7.72635e-15
8.2572e-15
8.81135e-15
9.36958e-15
9.9016e-15
1.0366e-14
1.07145e-14
1.09025e-14
1.09025e-14
1.07145e-14
1.0366e-14
9.9016e-15
9.36958e-15
8.81135e-15
8.2572e-15
7.72635e-15
7.22935e-15
6.77067e-15
6.42871e-15
6.81737e-15
7.22935e-15
7.65857e-15
8.09448e-15
8.52079e-15
8.91502e-15
9.24945e-15
9.49451e-15
9.62458e-15
9.62458e-15
9.49451e-15
9.24945e-15
8.91502e-15
8.52079e-15
8.09448e-15
7.65857e-15
7.22935e-15
6.81737e-15
6.42871e-15
6.09975e-15
6.42871e-15
6.77067e-15
7.11939e-15
7.46547e-15
7.79596e-15
8.09448e-15
8.34232e-15
8.52079e-15
8.61443e-15
8.61443e-15
8.52079e-15
8.34232e-15
8.09448e-15
7.79596e-15
7.46547e-15
7.11939e-15
6.77067e-15
6.42871e-15
6.09975e-15
)
;

boundaryField
{
    movingWall
    {
        type            zeroGradient;
    }
    fixedWalls
    {
        type            zeroGradient;
    }
    frontAndBack
    {
        type            empty;
    }
}


// ************************************************************************* //
