/*--------------------------------*- C++ -*----------------------------------*\
| =========                 |                                                 |
| \\      /  F ield         | OpenFOAM: The Open Source CFD Toolbox           |
|  \\    /   O peration     | Version:  v2012                                 |
|   \\  /    A nd           | Website:  www.openfoam.com                      |
|    \\/     M anipulation  |                                                 |
\*---------------------------------------------------------------------------*/
FoamFile
{
    version     2.0;
    format      ascii;
    class       volScalarField;
    location    "7";
    object      p;
}
// * * * * * * * * * * * * * * * * * * * * * * * * * * * * * * * * * * * * * //

dimensions      [0 2 -2 0 0 0 0];


internalField   nonuniform List<scalar> 
400
(
-1.11182e-13
-1.17178e-13
-1.23411e-13
-1.29768e-13
-1.36076e-13
-1.421e-13
-1.47541e-13
-1.52059e-13
-1.55311e-13
-1.57018e-13
-1.57018e-13
-1.55311e-13
-1.52059e-13
-1.47541e-13
-1.421e-13
-1.36076e-13
-1.29768e-13
-1.23411e-13
-1.17178e-13
-1.11182e-13
-1.17178e-13
-1.24263e-13
-1.31772e-13
-1.39596e-13
-1.47541e-13
-1.55311e-13
-1.62497e-13
-1.68593e-13
-1.7306e-13
-1.75431e-13
-1.75431e-13
-1.7306e-13
-1.68593e-13
-1.62497e-13
-1.55311e-13
-1.47541e-13
-1.39596e-13
-1.31772e-13
-1.24263e-13
-1.17178e-13
-1.23411e-13
-1.31772e-13
-1.40831e-13
-1.50507e-13
-1.60608e-13
-1.70783e-13
-1.8048e-13
-1.88945e-13
-1.95297e-13
-1.98724e-13
-1.98724e-13
-1.95297e-13
-1.88945e-13
-1.8048e-13
-1.70783e-13
-1.60608e-13
-1.50507e-13
-1.40831e-13
-1.31772e-13
-1.23411e-13
-1.29768e-13
-1.39596e-13
-1.50507e-13
-1.62497e-13
-1.75431e-13
-1.88945e-13
-2.02337e-13
-2.14488e-13
-2.23921e-13
-2.29129e-13
-2.29129e-13
-2.23921e-13
-2.14488e-13
-2.02337e-13
-1.88945e-13
-1.75431e-13
-1.62497e-13
-1.50507e-13
-1.39596e-13
-1.29768e-13
-1.36076e-13
-1.47541e-13
-1.60608e-13
-1.75431e-13
-1.92042e-13
-2.10198e-13
-2.29129e-13
-2.47245e-13
-2.62019e-13
-2.70473e-13
-2.70473e-13
-2.62019e-13
-2.47245e-13
-2.29129e-13
-2.10198e-13
-1.92042e-13
-1.75431e-13
-1.60608e-13
-1.47541e-13
-1.36076e-13
-1.421e-13
-1.55311e-13
-1.70783e-13
-1.88945e-13
-2.10198e-13
-2.34718e-13
-2.62019e-13
-2.90169e-13
-3.14908e-13
-3.29912e-13
-3.29912e-13
-3.14908e-13
-2.90169e-13
-2.62019e-13
-2.34718e-13
-2.10198e-13
-1.88945e-13
-1.70783e-13
-1.55311e-13
-1.421e-13
-1.47541e-13
-1.62497e-13
-1.8048e-13
-2.02337e-13
-2.29129e-13
-2.62019e-13
-3.01781e-13
-3.47287e-13
-3.92275e-13
-4.22493e-13
-4.22493e-13
-3.92275e-13
-3.47287e-13
-3.01781e-13
-2.62019e-13
-2.29129e-13
-2.02337e-13
-1.8048e-13
-1.62497e-13
-1.47541e-13
-1.52059e-13
-1.68593e-13
-1.88945e-13
-2.14488e-13
-2.47245e-13
-2.90169e-13
-3.47287e-13
-4.22493e-13
-5.12348e-13
-5.85892e-13
-5.85892e-13
-5.12348e-13
-4.22493e-13
-3.47287e-13
-2.90169e-13
-2.47245e-13
-2.14488e-13
-1.88945e-13
-1.68593e-13
-1.52059e-13
-1.55311e-13
-1.7306e-13
-1.95297e-13
-2.23921e-13
-2.62019e-13
-3.14908e-13
-3.92275e-13
-5.12348e-13
-7.04155e-13
-9.44723e-13
-9.44723e-13
-7.04155e-13
-5.12348e-13
-3.92275e-13
-3.14908e-13
-2.62019e-13
-2.23921e-13
-1.95297e-13
-1.7306e-13
-1.55311e-13
-1.57018e-13
-1.75431e-13
-1.98724e-13
-2.29129e-13
-2.70473e-13
-3.29912e-13
-4.22493e-13
-5.85892e-13
-9.44723e-13
-2.11246e-12
-2.11246e-12
-9.44723e-13
-5.85892e-13
-4.22493e-13
-3.29912e-13
-2.70473e-13
-2.29129e-13
-1.98724e-13
-1.75431e-13
-1.57018e-13
-1.57018e-13
-1.75431e-13
-1.98724e-13
-2.29129e-13
-2.70473e-13
-3.29912e-13
-4.22493e-13
-5.85892e-13
-9.44723e-13
-2.11246e-12
-2.11246e-12
-9.44723e-13
-5.85892e-13
-4.22493e-13
-3.29912e-13
-2.70473e-13
-2.29129e-13
-1.98724e-13
-1.75431e-13
-1.57018e-13
-1.55311e-13
-1.7306e-13
-1.95297e-13
-2.23921e-13
-2.62019e-13
-3.14908e-13
-3.92275e-13
-5.12348e-13
-7.04155e-13
-9.44723e-13
-9.44723e-13
-7.04155e-13
-5.12348e-13
-3.92275e-13
-3.14908e-13
-2.62019e-13
-2.23921e-13
-1.95297e-13
-1.7306e-13
-1.55311e-13
-1.52059e-13
-1.68593e-13
-1.88945e-13
-2.14488e-13
-2.47245e-13
-2.90169e-13
-3.47287e-13
-4.22493e-13
-5.12348e-13
-5.85892e-13
-5.85892e-13
-5.12348e-13
-4.22493e-13
-3.47287e-13
-2.90169e-13
-2.47245e-13
-2.14488e-13
-1.88945e-13
-1.68593e-13
-1.52059e-13
-1.47541e-13
-1.62497e-13
-1.8048e-13
-2.02337e-13
-2.29129e-13
-2.62019e-13
-3.01781e-13
-3.47287e-13
-3.92275e-13
-4.22493e-13
-4.22493e-13
-3.92275e-13
-3.47287e-13
-3.01781e-13
-2.62019e-13
-2.29129e-13
-2.02337e-13
-1.8048e-13
-1.62497e-13
-1.47541e-13
-1.421e-13
-1.55311e-13
-1.70783e-13
-1.88945e-13
-2.10198e-13
-2.34718e-13
-2.62019e-13
-2.90169e-13
-3.14908e-13
-3.29912e-13
-3.29912e-13
-3.14908e-13
-2.90169e-13
-2.62019e-13
-2.34718e-13
-2.10198e-13
-1.88945e-13
-1.70783e-13
-1.55311e-13
-1.421e-13
-1.36076e-13
-1.47541e-13
-1.60608e-13
-1.75431e-13
-1.92042e-13
-2.10198e-13
-2.29129e-13
-2.47245e-13
-2.62019e-13
-2.70473e-13
-2.70473e-13
-2.62019e-13
-2.47245e-13
-2.29129e-13
-2.10198e-13
-1.92042e-13
-1.75431e-13
-1.60608e-13
-1.47541e-13
-1.36076e-13
-1.29768e-13
-1.39596e-13
-1.50507e-13
-1.62497e-13
-1.75431e-13
-1.88945e-13
-2.02337e-13
-2.14488e-13
-2.23921e-13
-2.29129e-13
-2.29129e-13
-2.23921e-13
-2.14488e-13
-2.02337e-13
-1.88945e-13
-1.75431e-13
-1.62497e-13
-1.50507e-13
-1.39596e-13
-1.29768e-13
-1.23411e-13
-1.31772e-13
-1.40831e-13
-1.50507e-13
-1.60608e-13
-1.70783e-13
-1.8048e-13
-1.88945e-13
-1.95297e-13
-1.98724e-13
-1.98724e-13
-1.95297e-13
-1.88945e-13
-1.8048e-13
-1.70783e-13
-1.60608e-13
-1.50507e-13
-1.40831e-13
-1.31772e-13
-1.23411e-13
-1.17178e-13
-1.24263e-13
-1.31772e-13
-1.39596e-13
-1.47541e-13
-1.55311e-13
-1.62497e-13
-1.68593e-13
-1.7306e-13
-1.75431e-13
-1.75431e-13
-1.7306e-13
-1.68593e-13
-1.62497e-13
-1.55311e-13
-1.47541e-13
-1.39596e-13
-1.31772e-13
-1.24263e-13
-1.17178e-13
-1.11182e-13
-1.17178e-13
-1.23411e-13
-1.29768e-13
-1.36076e-13
-1.421e-13
-1.47541e-13
-1.52059e-13
-1.55311e-13
-1.57018e-13
-1.57018e-13
-1.55311e-13
-1.52059e-13
-1.47541e-13
-1.421e-13
-1.36076e-13
-1.29768e-13
-1.23411e-13
-1.17178e-13
-1.11182e-13
)
;

boundaryField
{
    movingWall
    {
        type            zeroGradient;
    }
    fixedWalls
    {
        type            zeroGradient;
    }
    frontAndBack
    {
        type            empty;
    }
}


// ************************************************************************* //
