/*--------------------------------*- C++ -*----------------------------------*\
| =========                 |                                                 |
| \\      /  F ield         | OpenFOAM: The Open Source CFD Toolbox           |
|  \\    /   O peration     | Version:  v2012                                 |
|   \\  /    A nd           | Website:  www.openfoam.com                      |
|    \\/     M anipulation  |                                                 |
\*---------------------------------------------------------------------------*/
FoamFile
{
    version     2.0;
    format      ascii;
    class       volScalarField;
    location    "6.5";
    object      p;
}
// * * * * * * * * * * * * * * * * * * * * * * * * * * * * * * * * * * * * * //

dimensions      [0 2 -2 0 0 0 0];


internalField   nonuniform List<scalar> 
400
(
1.00114e-13
1.05514e-13
1.11126e-13
1.1685e-13
1.2253e-13
1.27954e-13
1.32854e-13
1.36921e-13
1.39851e-13
1.41387e-13
1.41387e-13
1.39851e-13
1.36921e-13
1.32854e-13
1.27954e-13
1.2253e-13
1.1685e-13
1.11126e-13
1.05514e-13
1.00114e-13
1.05514e-13
1.11893e-13
1.18654e-13
1.25699e-13
1.32854e-13
1.39851e-13
1.46321e-13
1.5181e-13
1.55832e-13
1.57967e-13
1.57967e-13
1.55832e-13
1.5181e-13
1.46321e-13
1.39851e-13
1.32854e-13
1.25699e-13
1.18654e-13
1.11893e-13
1.05514e-13
1.11126e-13
1.18654e-13
1.26812e-13
1.35524e-13
1.4462e-13
1.53782e-13
1.62514e-13
1.70136e-13
1.75856e-13
1.78941e-13
1.78941e-13
1.75856e-13
1.70136e-13
1.62514e-13
1.53782e-13
1.4462e-13
1.35524e-13
1.26812e-13
1.18654e-13
1.11126e-13
1.1685e-13
1.25699e-13
1.35524e-13
1.46321e-13
1.57967e-13
1.70136e-13
1.82195e-13
1.93136e-13
2.0163e-13
2.0632e-13
2.0632e-13
2.0163e-13
1.93136e-13
1.82195e-13
1.70136e-13
1.57967e-13
1.46321e-13
1.35524e-13
1.25699e-13
1.1685e-13
1.2253e-13
1.32854e-13
1.4462e-13
1.57967e-13
1.72925e-13
1.89273e-13
2.0632e-13
2.22633e-13
2.35936e-13
2.43548e-13
2.43548e-13
2.35936e-13
2.22633e-13
2.0632e-13
1.89273e-13
1.72925e-13
1.57967e-13
1.4462e-13
1.32854e-13
1.2253e-13
1.27954e-13
1.39851e-13
1.53782e-13
1.70136e-13
1.89273e-13
2.11353e-13
2.35936e-13
2.61284e-13
2.83559e-13
2.9707e-13
2.9707e-13
2.83559e-13
2.61284e-13
2.35936e-13
2.11353e-13
1.89273e-13
1.70136e-13
1.53782e-13
1.39851e-13
1.27954e-13
1.32854e-13
1.46321e-13
1.62514e-13
1.82195e-13
2.0632e-13
2.35936e-13
2.71739e-13
3.12715e-13
3.53225e-13
3.80435e-13
3.80435e-13
3.53225e-13
3.12715e-13
2.71739e-13
2.35936e-13
2.0632e-13
1.82195e-13
1.62514e-13
1.46321e-13
1.32854e-13
1.36921e-13
1.5181e-13
1.70136e-13
1.93136e-13
2.22633e-13
2.61284e-13
3.12715e-13
3.80435e-13
4.61345e-13
5.27568e-13
5.27568e-13
4.61345e-13
3.80435e-13
3.12715e-13
2.61284e-13
2.22633e-13
1.93136e-13
1.70136e-13
1.5181e-13
1.36921e-13
1.39851e-13
1.55832e-13
1.75856e-13
2.0163e-13
2.35936e-13
2.83559e-13
3.53225e-13
4.61345e-13
6.34058e-13
8.50678e-13
8.50678e-13
6.34058e-13
4.61345e-13
3.53225e-13
2.83559e-13
2.35936e-13
2.0163e-13
1.75856e-13
1.55832e-13
1.39851e-13
1.41387e-13
1.57967e-13
1.78941e-13
2.0632e-13
2.43548e-13
2.9707e-13
3.80435e-13
5.27568e-13
8.50678e-13
1.90217e-12
1.90217e-12
8.50678e-13
5.27568e-13
3.80435e-13
2.9707e-13
2.43548e-13
2.0632e-13
1.78941e-13
1.57967e-13
1.41387e-13
1.41387e-13
1.57967e-13
1.78941e-13
2.0632e-13
2.43548e-13
2.9707e-13
3.80435e-13
5.27568e-13
8.50678e-13
1.90217e-12
1.90217e-12
8.50678e-13
5.27568e-13
3.80435e-13
2.9707e-13
2.43548e-13
2.0632e-13
1.78941e-13
1.57967e-13
1.41387e-13
1.39851e-13
1.55832e-13
1.75856e-13
2.0163e-13
2.35936e-13
2.83559e-13
3.53225e-13
4.61345e-13
6.34058e-13
8.50678e-13
8.50678e-13
6.34058e-13
4.61345e-13
3.53225e-13
2.83559e-13
2.35936e-13
2.0163e-13
1.75856e-13
1.55832e-13
1.39851e-13
1.36921e-13
1.5181e-13
1.70136e-13
1.93136e-13
2.22633e-13
2.61284e-13
3.12715e-13
3.80435e-13
4.61345e-13
5.27568e-13
5.27568e-13
4.61345e-13
3.80435e-13
3.12715e-13
2.61284e-13
2.22633e-13
1.93136e-13
1.70136e-13
1.5181e-13
1.36921e-13
1.32854e-13
1.46321e-13
1.62514e-13
1.82195e-13
2.0632e-13
2.35936e-13
2.71739e-13
3.12715e-13
3.53225e-13
3.80435e-13
3.80435e-13
3.53225e-13
3.12715e-13
2.71739e-13
2.35936e-13
2.0632e-13
1.82195e-13
1.62514e-13
1.46321e-13
1.32854e-13
1.27954e-13
1.39851e-13
1.53782e-13
1.70136e-13
1.89273e-13
2.11353e-13
2.35936e-13
2.61284e-13
2.83559e-13
2.9707e-13
2.9707e-13
2.83559e-13
2.61284e-13
2.35936e-13
2.11353e-13
1.89273e-13
1.70136e-13
1.53782e-13
1.39851e-13
1.27954e-13
1.2253e-13
1.32854e-13
1.4462e-13
1.57967e-13
1.72925e-13
1.89273e-13
2.0632e-13
2.22633e-13
2.35936e-13
2.43548e-13
2.43548e-13
2.35936e-13
2.22633e-13
2.0632e-13
1.89273e-13
1.72925e-13
1.57967e-13
1.4462e-13
1.32854e-13
1.2253e-13
1.1685e-13
1.25699e-13
1.35524e-13
1.46321e-13
1.57967e-13
1.70136e-13
1.82195e-13
1.93136e-13
2.0163e-13
2.0632e-13
2.0632e-13
2.0163e-13
1.93136e-13
1.82195e-13
1.70136e-13
1.57967e-13
1.46321e-13
1.35524e-13
1.25699e-13
1.1685e-13
1.11126e-13
1.18654e-13
1.26812e-13
1.35524e-13
1.4462e-13
1.53782e-13
1.62514e-13
1.70136e-13
1.75856e-13
1.78941e-13
1.78941e-13
1.75856e-13
1.70136e-13
1.62514e-13
1.53782e-13
1.4462e-13
1.35524e-13
1.26812e-13
1.18654e-13
1.11126e-13
1.05514e-13
1.11893e-13
1.18654e-13
1.25699e-13
1.32854e-13
1.39851e-13
1.46321e-13
1.5181e-13
1.55832e-13
1.57967e-13
1.57967e-13
1.55832e-13
1.5181e-13
1.46321e-13
1.39851e-13
1.32854e-13
1.25699e-13
1.18654e-13
1.11893e-13
1.05514e-13
1.00114e-13
1.05514e-13
1.11126e-13
1.1685e-13
1.2253e-13
1.27954e-13
1.32854e-13
1.36921e-13
1.39851e-13
1.41387e-13
1.41387e-13
1.39851e-13
1.36921e-13
1.32854e-13
1.27954e-13
1.2253e-13
1.1685e-13
1.11126e-13
1.05514e-13
1.00114e-13
)
;

boundaryField
{
    movingWall
    {
        type            zeroGradient;
    }
    fixedWalls
    {
        type            zeroGradient;
    }
    frontAndBack
    {
        type            empty;
    }
}


// ************************************************************************* //
