/*--------------------------------*- C++ -*----------------------------------*\
| =========                 |                                                 |
| \\      /  F ield         | OpenFOAM: The Open Source CFD Toolbox           |
|  \\    /   O peration     | Version:  v2012                                 |
|   \\  /    A nd           | Website:  www.openfoam.com                      |
|    \\/     M anipulation  |                                                 |
\*---------------------------------------------------------------------------*/
FoamFile
{
    version     2.0;
    format      ascii;
    class       volScalarField;
    location    "10";
    object      p;
}
// * * * * * * * * * * * * * * * * * * * * * * * * * * * * * * * * * * * * * //

dimensions      [0 2 -2 0 0 0 0];


internalField   nonuniform List<scalar> 
400
(
4.12543e-14
4.34791e-14
4.57919e-14
4.81504e-14
5.0491e-14
5.27262e-14
5.47452e-14
5.64214e-14
5.76284e-14
5.82617e-14
5.82617e-14
5.76284e-14
5.64214e-14
5.47452e-14
5.27262e-14
5.0491e-14
4.81504e-14
4.57919e-14
4.34791e-14
4.12543e-14
4.34791e-14
4.61077e-14
4.88941e-14
5.1797e-14
5.47452e-14
5.76284e-14
6.02947e-14
6.25565e-14
6.4214e-14
6.50936e-14
6.50936e-14
6.4214e-14
6.25565e-14
6.02947e-14
5.76284e-14
5.47452e-14
5.1797e-14
4.88941e-14
4.61077e-14
4.34791e-14
4.57919e-14
4.88941e-14
5.22554e-14
5.58457e-14
5.95936e-14
6.3369e-14
6.69672e-14
7.0108e-14
7.24652e-14
7.37366e-14
7.37366e-14
7.24652e-14
7.0108e-14
6.69672e-14
6.3369e-14
5.95936e-14
5.58457e-14
5.22554e-14
4.88941e-14
4.57919e-14
4.81504e-14
5.1797e-14
5.58457e-14
6.02947e-14
6.50936e-14
7.0108e-14
7.50774e-14
7.9586e-14
8.3086e-14
8.50184e-14
8.50184e-14
8.3086e-14
7.9586e-14
7.50774e-14
7.0108e-14
6.50936e-14
6.02947e-14
5.58457e-14
5.1797e-14
4.81504e-14
5.0491e-14
5.47452e-14
5.95936e-14
6.50936e-14
7.12574e-14
7.79941e-14
8.50184e-14
9.17405e-14
9.72223e-14
1.00359e-13
1.00359e-13
9.72223e-14
9.17405e-14
8.50184e-14
7.79941e-14
7.12574e-14
6.50936e-14
5.95936e-14
5.47452e-14
5.0491e-14
5.27262e-14
5.76284e-14
6.3369e-14
7.0108e-14
7.79941e-14
8.70924e-14
9.72223e-14
1.07668e-13
1.16847e-13
1.22414e-13
1.22414e-13
1.16847e-13
1.07668e-13
9.72223e-14
8.70924e-14
7.79941e-14
7.0108e-14
6.3369e-14
5.76284e-14
5.27262e-14
5.47452e-14
6.02947e-14
6.69672e-14
7.50774e-14
8.50184e-14
9.72223e-14
1.11976e-13
1.28861e-13
1.45554e-13
1.56766e-13
1.56766e-13
1.45554e-13
1.28861e-13
1.11976e-13
9.72223e-14
8.50184e-14
7.50774e-14
6.69672e-14
6.02947e-14
5.47452e-14
5.64214e-14
6.25565e-14
7.0108e-14
7.9586e-14
9.17405e-14
1.07668e-13
1.28861e-13
1.56766e-13
1.90107e-13
2.17396e-13
2.17396e-13
1.90107e-13
1.56766e-13
1.28861e-13
1.07668e-13
9.17405e-14
7.9586e-14
7.0108e-14
6.25565e-14
5.64214e-14
5.76284e-14
6.4214e-14
7.24652e-14
8.3086e-14
9.72223e-14
1.16847e-13
1.45554e-13
1.90107e-13
2.61277e-13
3.5054e-13
3.5054e-13
2.61277e-13
1.90107e-13
1.45554e-13
1.16847e-13
9.72223e-14
8.3086e-14
7.24652e-14
6.4214e-14
5.76284e-14
5.82617e-14
6.50936e-14
7.37366e-14
8.50184e-14
1.00359e-13
1.22414e-13
1.56766e-13
2.17396e-13
3.5054e-13
7.83831e-13
7.83831e-13
3.5054e-13
2.17396e-13
1.56766e-13
1.22414e-13
1.00359e-13
8.50184e-14
7.37366e-14
6.50936e-14
5.82617e-14
5.82617e-14
6.50936e-14
7.37366e-14
8.50184e-14
1.00359e-13
1.22414e-13
1.56766e-13
2.17396e-13
3.5054e-13
7.83831e-13
7.83831e-13
3.5054e-13
2.17396e-13
1.56766e-13
1.22414e-13
1.00359e-13
8.50184e-14
7.37366e-14
6.50936e-14
5.82617e-14
5.76284e-14
6.4214e-14
7.24652e-14
8.3086e-14
9.72223e-14
1.16847e-13
1.45554e-13
1.90107e-13
2.61277e-13
3.5054e-13
3.5054e-13
2.61277e-13
1.90107e-13
1.45554e-13
1.16847e-13
9.72223e-14
8.3086e-14
7.24652e-14
6.4214e-14
5.76284e-14
5.64214e-14
6.25565e-14
7.0108e-14
7.9586e-14
9.17405e-14
1.07668e-13
1.28861e-13
1.56766e-13
1.90107e-13
2.17396e-13
2.17396e-13
1.90107e-13
1.56766e-13
1.28861e-13
1.07668e-13
9.17405e-14
7.9586e-14
7.0108e-14
6.25565e-14
5.64214e-14
5.47452e-14
6.02947e-14
6.69672e-14
7.50774e-14
8.50184e-14
9.72223e-14
1.11976e-13
1.28861e-13
1.45554e-13
1.56766e-13
1.56766e-13
1.45554e-13
1.28861e-13
1.11976e-13
9.72223e-14
8.50184e-14
7.50774e-14
6.69672e-14
6.02947e-14
5.47452e-14
5.27262e-14
5.76284e-14
6.3369e-14
7.0108e-14
7.79941e-14
8.70924e-14
9.72223e-14
1.07668e-13
1.16847e-13
1.22414e-13
1.22414e-13
1.16847e-13
1.07668e-13
9.72223e-14
8.70924e-14
7.79941e-14
7.0108e-14
6.3369e-14
5.76284e-14
5.27262e-14
5.0491e-14
5.47452e-14
5.95936e-14
6.50936e-14
7.12574e-14
7.79941e-14
8.50184e-14
9.17405e-14
9.72223e-14
1.00359e-13
1.00359e-13
9.72223e-14
9.17405e-14
8.50184e-14
7.79941e-14
7.12574e-14
6.50936e-14
5.95936e-14
5.47452e-14
5.0491e-14
4.81504e-14
5.1797e-14
5.58457e-14
6.02947e-14
6.50936e-14
7.0108e-14
7.50774e-14
7.9586e-14
8.3086e-14
8.50184e-14
8.50184e-14
8.3086e-14
7.9586e-14
7.50774e-14
7.0108e-14
6.50936e-14
6.02947e-14
5.58457e-14
5.1797e-14
4.81504e-14
4.57919e-14
4.88941e-14
5.22554e-14
5.58457e-14
5.95936e-14
6.3369e-14
6.69672e-14
7.0108e-14
7.24652e-14
7.37366e-14
7.37366e-14
7.24652e-14
7.0108e-14
6.69672e-14
6.3369e-14
5.95936e-14
5.58457e-14
5.22554e-14
4.88941e-14
4.57919e-14
4.34791e-14
4.61077e-14
4.88941e-14
5.1797e-14
5.47452e-14
5.76284e-14
6.02947e-14
6.25565e-14
6.4214e-14
6.50936e-14
6.50936e-14
6.4214e-14
6.25565e-14
6.02947e-14
5.76284e-14
5.47452e-14
5.1797e-14
4.88941e-14
4.61077e-14
4.34791e-14
4.12543e-14
4.34791e-14
4.57919e-14
4.81504e-14
5.0491e-14
5.27262e-14
5.47452e-14
5.64214e-14
5.76284e-14
5.82617e-14
5.82617e-14
5.76284e-14
5.64214e-14
5.47452e-14
5.27262e-14
5.0491e-14
4.81504e-14
4.57919e-14
4.34791e-14
4.12543e-14
)
;

boundaryField
{
    movingWall
    {
        type            zeroGradient;
    }
    fixedWalls
    {
        type            zeroGradient;
    }
    frontAndBack
    {
        type            empty;
    }
}


// ************************************************************************* //
