/*--------------------------------*- C++ -*----------------------------------*\
| =========                 |                                                 |
| \\      /  F ield         | OpenFOAM: The Open Source CFD Toolbox           |
|  \\    /   O peration     | Version:  v2012                                 |
|   \\  /    A nd           | Website:  www.openfoam.com                      |
|    \\/     M anipulation  |                                                 |
\*---------------------------------------------------------------------------*/
FoamFile
{
    version     2.0;
    format      ascii;
    class       volScalarField;
    location    "3";
    object      p;
}
// * * * * * * * * * * * * * * * * * * * * * * * * * * * * * * * * * * * * * //

dimensions      [0 2 -2 0 0 0 0];


internalField   nonuniform List<scalar> 
400
(
-7.54372e-16
-7.95056e-16
-8.37347e-16
-8.80474e-16
-9.23275e-16
-9.64147e-16
-1.00107e-15
-1.03172e-15
-1.05379e-15
-1.06537e-15
-1.06537e-15
-1.05379e-15
-1.03172e-15
-1.00107e-15
-9.64147e-16
-9.23275e-16
-8.80474e-16
-8.37347e-16
-7.95056e-16
-7.54372e-16
-7.95056e-16
-8.43122e-16
-8.94073e-16
-9.47156e-16
-1.00107e-15
-1.05379e-15
-1.10254e-15
-1.1439e-15
-1.17421e-15
-1.1903e-15
-1.1903e-15
-1.17421e-15
-1.1439e-15
-1.10254e-15
-1.05379e-15
-1.00107e-15
-9.47156e-16
-8.94073e-16
-8.43122e-16
-7.95056e-16
-8.37347e-16
-8.94073e-16
-9.55538e-16
-1.02119e-15
-1.08972e-15
-1.15876e-15
-1.22456e-15
-1.28199e-15
-1.32509e-15
-1.34834e-15
-1.34834e-15
-1.32509e-15
-1.28199e-15
-1.22456e-15
-1.15876e-15
-1.08972e-15
-1.02119e-15
-9.55538e-16
-8.94073e-16
-8.37347e-16
-8.80474e-16
-9.47156e-16
-1.02119e-15
-1.10254e-15
-1.1903e-15
-1.28199e-15
-1.37286e-15
-1.4553e-15
-1.5193e-15
-1.55464e-15
-1.55464e-15
-1.5193e-15
-1.4553e-15
-1.37286e-15
-1.28199e-15
-1.1903e-15
-1.10254e-15
-1.02119e-15
-9.47156e-16
-8.80474e-16
-9.23275e-16
-1.00107e-15
-1.08972e-15
-1.1903e-15
-1.30301e-15
-1.42619e-15
-1.55464e-15
-1.67756e-15
-1.7778e-15
-1.83516e-15
-1.83516e-15
-1.7778e-15
-1.67756e-15
-1.55464e-15
-1.42619e-15
-1.30301e-15
-1.1903e-15
-1.08972e-15
-1.00107e-15
-9.23275e-16
-9.64147e-16
-1.05379e-15
-1.15876e-15
-1.28199e-15
-1.42619e-15
-1.59256e-15
-1.7778e-15
-1.9688e-15
-2.13665e-15
-2.23845e-15
-2.23845e-15
-2.13665e-15
-1.9688e-15
-1.7778e-15
-1.59256e-15
-1.42619e-15
-1.28199e-15
-1.15876e-15
-1.05379e-15
-9.64147e-16
-1.00107e-15
-1.10254e-15
-1.22456e-15
-1.37286e-15
-1.55464e-15
-1.7778e-15
-2.04758e-15
-2.35634e-15
-2.66159e-15
-2.86662e-15
-2.86662e-15
-2.66159e-15
-2.35634e-15
-2.04758e-15
-1.7778e-15
-1.55464e-15
-1.37286e-15
-1.22456e-15
-1.10254e-15
-1.00107e-15
-1.03172e-15
-1.1439e-15
-1.28199e-15
-1.4553e-15
-1.67756e-15
-1.9688e-15
-2.35634e-15
-2.86662e-15
-3.47628e-15
-3.97528e-15
-3.97528e-15
-3.47628e-15
-2.86662e-15
-2.35634e-15
-1.9688e-15
-1.67756e-15
-1.4553e-15
-1.28199e-15
-1.1439e-15
-1.03172e-15
-1.05379e-15
-1.17421e-15
-1.32509e-15
-1.5193e-15
-1.7778e-15
-2.13665e-15
-2.66159e-15
-3.47628e-15
-4.77769e-15
-6.40995e-15
-6.40995e-15
-4.77769e-15
-3.47628e-15
-2.66159e-15
-2.13665e-15
-1.7778e-15
-1.5193e-15
-1.32509e-15
-1.17421e-15
-1.05379e-15
-1.06537e-15
-1.1903e-15
-1.34834e-15
-1.55464e-15
-1.83516e-15
-2.23845e-15
-2.86662e-15
-3.97528e-15
-6.40995e-15
-1.43331e-14
-1.43331e-14
-6.40995e-15
-3.97528e-15
-2.86662e-15
-2.23845e-15
-1.83516e-15
-1.55464e-15
-1.34834e-15
-1.1903e-15
-1.06537e-15
-1.06537e-15
-1.1903e-15
-1.34834e-15
-1.55464e-15
-1.83516e-15
-2.23845e-15
-2.86662e-15
-3.97528e-15
-6.40995e-15
-1.43331e-14
-1.43331e-14
-6.40995e-15
-3.97528e-15
-2.86662e-15
-2.23845e-15
-1.83516e-15
-1.55464e-15
-1.34834e-15
-1.1903e-15
-1.06537e-15
-1.05379e-15
-1.17421e-15
-1.32509e-15
-1.5193e-15
-1.7778e-15
-2.13665e-15
-2.66159e-15
-3.47628e-15
-4.77769e-15
-6.40995e-15
-6.40995e-15
-4.77769e-15
-3.47628e-15
-2.66159e-15
-2.13665e-15
-1.7778e-15
-1.5193e-15
-1.32509e-15
-1.17421e-15
-1.05379e-15
-1.03172e-15
-1.1439e-15
-1.28199e-15
-1.4553e-15
-1.67756e-15
-1.9688e-15
-2.35634e-15
-2.86662e-15
-3.47628e-15
-3.97528e-15
-3.97528e-15
-3.47628e-15
-2.86662e-15
-2.35634e-15
-1.9688e-15
-1.67756e-15
-1.4553e-15
-1.28199e-15
-1.1439e-15
-1.03172e-15
-1.00107e-15
-1.10254e-15
-1.22456e-15
-1.37286e-15
-1.55464e-15
-1.7778e-15
-2.04758e-15
-2.35634e-15
-2.66159e-15
-2.86662e-15
-2.86662e-15
-2.66159e-15
-2.35634e-15
-2.04758e-15
-1.7778e-15
-1.55464e-15
-1.37286e-15
-1.22456e-15
-1.10254e-15
-1.00107e-15
-9.64147e-16
-1.05379e-15
-1.15876e-15
-1.28199e-15
-1.42619e-15
-1.59256e-15
-1.7778e-15
-1.9688e-15
-2.13665e-15
-2.23845e-15
-2.23845e-15
-2.13665e-15
-1.9688e-15
-1.7778e-15
-1.59256e-15
-1.42619e-15
-1.28199e-15
-1.15876e-15
-1.05379e-15
-9.64147e-16
-9.23275e-16
-1.00107e-15
-1.08972e-15
-1.1903e-15
-1.30301e-15
-1.42619e-15
-1.55464e-15
-1.67756e-15
-1.7778e-15
-1.83516e-15
-1.83516e-15
-1.7778e-15
-1.67756e-15
-1.55464e-15
-1.42619e-15
-1.30301e-15
-1.1903e-15
-1.08972e-15
-1.00107e-15
-9.23275e-16
-8.80474e-16
-9.47156e-16
-1.02119e-15
-1.10254e-15
-1.1903e-15
-1.28199e-15
-1.37286e-15
-1.4553e-15
-1.5193e-15
-1.55464e-15
-1.55464e-15
-1.5193e-15
-1.4553e-15
-1.37286e-15
-1.28199e-15
-1.1903e-15
-1.10254e-15
-1.02119e-15
-9.47156e-16
-8.80474e-16
-8.37347e-16
-8.94073e-16
-9.55538e-16
-1.02119e-15
-1.08972e-15
-1.15876e-15
-1.22456e-15
-1.28199e-15
-1.32509e-15
-1.34834e-15
-1.34834e-15
-1.32509e-15
-1.28199e-15
-1.22456e-15
-1.15876e-15
-1.08972e-15
-1.02119e-15
-9.55538e-16
-8.94073e-16
-8.37347e-16
-7.95056e-16
-8.43122e-16
-8.94073e-16
-9.47156e-16
-1.00107e-15
-1.05379e-15
-1.10254e-15
-1.1439e-15
-1.17421e-15
-1.1903e-15
-1.1903e-15
-1.17421e-15
-1.1439e-15
-1.10254e-15
-1.05379e-15
-1.00107e-15
-9.47156e-16
-8.94073e-16
-8.43122e-16
-7.95056e-16
-7.54372e-16
-7.95056e-16
-8.37347e-16
-8.80474e-16
-9.23275e-16
-9.64147e-16
-1.00107e-15
-1.03172e-15
-1.05379e-15
-1.06537e-15
-1.06537e-15
-1.05379e-15
-1.03172e-15
-1.00107e-15
-9.64147e-16
-9.23275e-16
-8.80474e-16
-8.37347e-16
-7.95056e-16
-7.54372e-16
)
;

boundaryField
{
    movingWall
    {
        type            zeroGradient;
    }
    fixedWalls
    {
        type            zeroGradient;
    }
    frontAndBack
    {
        type            empty;
    }
}


// ************************************************************************* //
