/*--------------------------------*- C++ -*----------------------------------*\
| =========                 |                                                 |
| \\      /  F ield         | OpenFOAM: The Open Source CFD Toolbox           |
|  \\    /   O peration     | Version:  v2012                                 |
|   \\  /    A nd           | Website:  www.openfoam.com                      |
|    \\/     M anipulation  |                                                 |
\*---------------------------------------------------------------------------*/
FoamFile
{
    version     2.0;
    format      ascii;
    class       volScalarField;
    location    "8.5";
    object      p;
}
// * * * * * * * * * * * * * * * * * * * * * * * * * * * * * * * * * * * * * //

dimensions      [0 2 -2 0 0 0 0];


internalField   nonuniform List<scalar> 
400
(
9.33225e-14
9.83554e-14
1.03587e-13
1.08922e-13
1.14217e-13
1.19273e-13
1.23841e-13
1.27633e-13
1.30363e-13
1.31796e-13
1.31796e-13
1.30363e-13
1.27633e-13
1.23841e-13
1.19273e-13
1.14217e-13
1.08922e-13
1.03587e-13
9.83554e-14
9.33225e-14
9.83554e-14
1.04302e-13
1.10605e-13
1.17172e-13
1.23841e-13
1.30363e-13
1.36394e-13
1.41511e-13
1.4526e-13
1.4725e-13
1.4725e-13
1.4526e-13
1.41511e-13
1.36394e-13
1.30363e-13
1.23841e-13
1.17172e-13
1.10605e-13
1.04302e-13
9.83554e-14
1.03587e-13
1.10605e-13
1.18209e-13
1.2633e-13
1.34808e-13
1.43349e-13
1.51489e-13
1.58593e-13
1.63926e-13
1.66802e-13
1.66802e-13
1.63926e-13
1.58593e-13
1.51489e-13
1.43349e-13
1.34808e-13
1.2633e-13
1.18209e-13
1.10605e-13
1.03587e-13
1.08922e-13
1.17172e-13
1.2633e-13
1.36394e-13
1.4725e-13
1.58593e-13
1.69835e-13
1.80034e-13
1.87951e-13
1.92323e-13
1.92323e-13
1.87951e-13
1.80034e-13
1.69835e-13
1.58593e-13
1.4725e-13
1.36394e-13
1.2633e-13
1.17172e-13
1.08922e-13
1.14217e-13
1.23841e-13
1.34808e-13
1.4725e-13
1.61193e-13
1.76433e-13
1.92323e-13
2.07529e-13
2.19929e-13
2.27026e-13
2.27026e-13
2.19929e-13
2.07529e-13
1.92323e-13
1.76433e-13
1.61193e-13
1.4725e-13
1.34808e-13
1.23841e-13
1.14217e-13
1.19273e-13
1.30363e-13
1.43349e-13
1.58593e-13
1.76433e-13
1.97014e-13
2.19929e-13
2.43558e-13
2.64322e-13
2.76916e-13
2.76916e-13
2.64322e-13
2.43558e-13
2.19929e-13
1.97014e-13
1.76433e-13
1.58593e-13
1.43349e-13
1.30363e-13
1.19273e-13
1.23841e-13
1.36394e-13
1.51489e-13
1.69835e-13
1.92323e-13
2.19929e-13
2.53304e-13
2.915e-13
3.29262e-13
3.54626e-13
3.54626e-13
3.29262e-13
2.915e-13
2.53304e-13
2.19929e-13
1.92323e-13
1.69835e-13
1.51489e-13
1.36394e-13
1.23841e-13
1.27633e-13
1.41511e-13
1.58593e-13
1.80034e-13
2.07529e-13
2.43558e-13
2.915e-13
3.54626e-13
4.30047e-13
4.91777e-13
4.91777e-13
4.30047e-13
3.54626e-13
2.915e-13
2.43558e-13
2.07529e-13
1.80034e-13
1.58593e-13
1.41511e-13
1.27633e-13
1.30363e-13
1.4526e-13
1.63926e-13
1.87951e-13
2.19929e-13
2.64322e-13
3.29262e-13
4.30047e-13
5.91043e-13
7.92967e-13
7.92967e-13
5.91043e-13
4.30047e-13
3.29262e-13
2.64322e-13
2.19929e-13
1.87951e-13
1.63926e-13
1.4526e-13
1.30363e-13
1.31796e-13
1.4725e-13
1.66802e-13
1.92323e-13
2.27026e-13
2.76916e-13
3.54626e-13
4.91777e-13
7.92967e-13
1.77313e-12
1.77313e-12
7.92967e-13
4.91777e-13
3.54626e-13
2.76916e-13
2.27026e-13
1.92323e-13
1.66802e-13
1.4725e-13
1.31796e-13
1.31796e-13
1.4725e-13
1.66802e-13
1.92323e-13
2.27026e-13
2.76916e-13
3.54626e-13
4.91777e-13
7.92967e-13
1.77313e-12
1.77313e-12
7.92967e-13
4.91777e-13
3.54626e-13
2.76916e-13
2.27026e-13
1.92323e-13
1.66802e-13
1.4725e-13
1.31796e-13
1.30363e-13
1.4526e-13
1.63926e-13
1.87951e-13
2.19929e-13
2.64322e-13
3.29262e-13
4.30047e-13
5.91043e-13
7.92967e-13
7.92967e-13
5.91043e-13
4.30047e-13
3.29262e-13
2.64322e-13
2.19929e-13
1.87951e-13
1.63926e-13
1.4526e-13
1.30363e-13
1.27633e-13
1.41511e-13
1.58593e-13
1.80034e-13
2.07529e-13
2.43558e-13
2.915e-13
3.54626e-13
4.30047e-13
4.91777e-13
4.91777e-13
4.30047e-13
3.54626e-13
2.915e-13
2.43558e-13
2.07529e-13
1.80034e-13
1.58593e-13
1.41511e-13
1.27633e-13
1.23841e-13
1.36394e-13
1.51489e-13
1.69835e-13
1.92323e-13
2.19929e-13
2.53304e-13
2.915e-13
3.29262e-13
3.54626e-13
3.54626e-13
3.29262e-13
2.915e-13
2.53304e-13
2.19929e-13
1.92323e-13
1.69835e-13
1.51489e-13
1.36394e-13
1.23841e-13
1.19273e-13
1.30363e-13
1.43349e-13
1.58593e-13
1.76433e-13
1.97014e-13
2.19929e-13
2.43558e-13
2.64322e-13
2.76916e-13
2.76916e-13
2.64322e-13
2.43558e-13
2.19929e-13
1.97014e-13
1.76433e-13
1.58593e-13
1.43349e-13
1.30363e-13
1.19273e-13
1.14217e-13
1.23841e-13
1.34808e-13
1.4725e-13
1.61193e-13
1.76433e-13
1.92323e-13
2.07529e-13
2.19929e-13
2.27026e-13
2.27026e-13
2.19929e-13
2.07529e-13
1.92323e-13
1.76433e-13
1.61193e-13
1.4725e-13
1.34808e-13
1.23841e-13
1.14217e-13
1.08922e-13
1.17172e-13
1.2633e-13
1.36394e-13
1.4725e-13
1.58593e-13
1.69835e-13
1.80034e-13
1.87951e-13
1.92323e-13
1.92323e-13
1.87951e-13
1.80034e-13
1.69835e-13
1.58593e-13
1.4725e-13
1.36394e-13
1.2633e-13
1.17172e-13
1.08922e-13
1.03587e-13
1.10605e-13
1.18209e-13
1.2633e-13
1.34808e-13
1.43349e-13
1.51489e-13
1.58593e-13
1.63926e-13
1.66802e-13
1.66802e-13
1.63926e-13
1.58593e-13
1.51489e-13
1.43349e-13
1.34808e-13
1.2633e-13
1.18209e-13
1.10605e-13
1.03587e-13
9.83554e-14
1.04302e-13
1.10605e-13
1.17172e-13
1.23841e-13
1.30363e-13
1.36394e-13
1.41511e-13
1.4526e-13
1.4725e-13
1.4725e-13
1.4526e-13
1.41511e-13
1.36394e-13
1.30363e-13
1.23841e-13
1.17172e-13
1.10605e-13
1.04302e-13
9.83554e-14
9.33225e-14
9.83554e-14
1.03587e-13
1.08922e-13
1.14217e-13
1.19273e-13
1.23841e-13
1.27633e-13
1.30363e-13
1.31796e-13
1.31796e-13
1.30363e-13
1.27633e-13
1.23841e-13
1.19273e-13
1.14217e-13
1.08922e-13
1.03587e-13
9.83554e-14
9.33225e-14
)
;

boundaryField
{
    movingWall
    {
        type            zeroGradient;
    }
    fixedWalls
    {
        type            zeroGradient;
    }
    frontAndBack
    {
        type            empty;
    }
}


// ************************************************************************* //
