/*--------------------------------*- C++ -*----------------------------------*\
| =========                 |                                                 |
| \\      /  F ield         | OpenFOAM: The Open Source CFD Toolbox           |
|  \\    /   O peration     | Version:  v2012                                 |
|   \\  /    A nd           | Website:  www.openfoam.com                      |
|    \\/     M anipulation  |                                                 |
\*---------------------------------------------------------------------------*/
FoamFile
{
    version     2.0;
    format      ascii;
    class       volScalarField;
    location    "4";
    object      p;
}
// * * * * * * * * * * * * * * * * * * * * * * * * * * * * * * * * * * * * * //

dimensions      [0 2 -2 0 0 0 0];


internalField   nonuniform List<scalar> 
400
(
-4.11273e-14
-4.33453e-14
-4.56509e-14
-4.80021e-14
-5.03356e-14
-5.25639e-14
-5.45766e-14
-5.62477e-14
-5.7451e-14
-5.80824e-14
-5.80824e-14
-5.7451e-14
-5.62477e-14
-5.45766e-14
-5.25639e-14
-5.03356e-14
-4.80021e-14
-4.56509e-14
-4.33453e-14
-4.11273e-14
-4.33453e-14
-4.59658e-14
-4.87435e-14
-5.16376e-14
-5.45766e-14
-5.7451e-14
-6.01091e-14
-6.2364e-14
-6.40163e-14
-6.48933e-14
-6.48933e-14
-6.40163e-14
-6.2364e-14
-6.01091e-14
-5.7451e-14
-5.45766e-14
-5.16376e-14
-4.87435e-14
-4.59658e-14
-4.33453e-14
-4.56509e-14
-4.87435e-14
-5.20946e-14
-5.56738e-14
-5.94101e-14
-6.31739e-14
-6.67611e-14
-6.98922e-14
-7.22421e-14
-7.35097e-14
-7.35097e-14
-7.22421e-14
-6.98922e-14
-6.67611e-14
-6.31739e-14
-5.94101e-14
-5.56738e-14
-5.20946e-14
-4.87435e-14
-4.56509e-14
-4.80021e-14
-5.16376e-14
-5.56738e-14
-6.01091e-14
-6.48933e-14
-6.98922e-14
-7.48463e-14
-7.9341e-14
-8.28302e-14
-8.47567e-14
-8.47567e-14
-8.28302e-14
-7.9341e-14
-7.48463e-14
-6.98922e-14
-6.48933e-14
-6.01091e-14
-5.56738e-14
-5.16376e-14
-4.80021e-14
-5.03356e-14
-5.45766e-14
-5.94101e-14
-6.48933e-14
-7.1038e-14
-7.7754e-14
-8.47567e-14
-9.14581e-14
-9.6923e-14
-1.0005e-13
-1.0005e-13
-9.6923e-14
-9.14581e-14
-8.47567e-14
-7.7754e-14
-7.1038e-14
-6.48933e-14
-5.94101e-14
-5.45766e-14
-5.03356e-14
-5.25639e-14
-5.7451e-14
-6.31739e-14
-6.98922e-14
-7.7754e-14
-8.68243e-14
-9.6923e-14
-1.07336e-13
-1.16487e-13
-1.22037e-13
-1.22037e-13
-1.16487e-13
-1.07336e-13
-9.6923e-14
-8.68243e-14
-7.7754e-14
-6.98922e-14
-6.31739e-14
-5.7451e-14
-5.25639e-14
-5.45766e-14
-6.01091e-14
-6.67611e-14
-7.48463e-14
-8.47567e-14
-9.6923e-14
-1.11631e-13
-1.28464e-13
-1.45106e-13
-1.56284e-13
-1.56284e-13
-1.45106e-13
-1.28464e-13
-1.11631e-13
-9.6923e-14
-8.47567e-14
-7.48463e-14
-6.67611e-14
-6.01091e-14
-5.45766e-14
-5.62477e-14
-6.2364e-14
-6.98922e-14
-7.9341e-14
-9.14581e-14
-1.07336e-13
-1.28464e-13
-1.56284e-13
-1.89522e-13
-2.16726e-13
-2.16726e-13
-1.89522e-13
-1.56284e-13
-1.28464e-13
-1.07336e-13
-9.14581e-14
-7.9341e-14
-6.98922e-14
-6.2364e-14
-5.62477e-14
-5.7451e-14
-6.40163e-14
-7.22421e-14
-8.28302e-14
-9.6923e-14
-1.16487e-13
-1.45106e-13
-1.89522e-13
-2.60473e-13
-3.49461e-13
-3.49461e-13
-2.60473e-13
-1.89522e-13
-1.45106e-13
-1.16487e-13
-9.6923e-14
-8.28302e-14
-7.22421e-14
-6.40163e-14
-5.7451e-14
-5.80824e-14
-6.48933e-14
-7.35097e-14
-8.47567e-14
-1.0005e-13
-1.22037e-13
-1.56284e-13
-2.16726e-13
-3.49461e-13
-7.81418e-13
-7.81418e-13
-3.49461e-13
-2.16726e-13
-1.56284e-13
-1.22037e-13
-1.0005e-13
-8.47567e-14
-7.35097e-14
-6.48933e-14
-5.80824e-14
-5.80824e-14
-6.48933e-14
-7.35097e-14
-8.47567e-14
-1.0005e-13
-1.22037e-13
-1.56284e-13
-2.16726e-13
-3.49461e-13
-7.81418e-13
-7.81418e-13
-3.49461e-13
-2.16726e-13
-1.56284e-13
-1.22037e-13
-1.0005e-13
-8.47567e-14
-7.35097e-14
-6.48933e-14
-5.80824e-14
-5.7451e-14
-6.40163e-14
-7.22421e-14
-8.28302e-14
-9.6923e-14
-1.16487e-13
-1.45106e-13
-1.89522e-13
-2.60473e-13
-3.49461e-13
-3.49461e-13
-2.60473e-13
-1.89522e-13
-1.45106e-13
-1.16487e-13
-9.6923e-14
-8.28302e-14
-7.22421e-14
-6.40163e-14
-5.7451e-14
-5.62477e-14
-6.2364e-14
-6.98922e-14
-7.9341e-14
-9.14581e-14
-1.07336e-13
-1.28464e-13
-1.56284e-13
-1.89522e-13
-2.16726e-13
-2.16726e-13
-1.89522e-13
-1.56284e-13
-1.28464e-13
-1.07336e-13
-9.14581e-14
-7.9341e-14
-6.98922e-14
-6.2364e-14
-5.62477e-14
-5.45766e-14
-6.01091e-14
-6.67611e-14
-7.48463e-14
-8.47567e-14
-9.6923e-14
-1.11631e-13
-1.28464e-13
-1.45106e-13
-1.56284e-13
-1.56284e-13
-1.45106e-13
-1.28464e-13
-1.11631e-13
-9.6923e-14
-8.47567e-14
-7.48463e-14
-6.67611e-14
-6.01091e-14
-5.45766e-14
-5.25639e-14
-5.7451e-14
-6.31739e-14
-6.98922e-14
-7.7754e-14
-8.68243e-14
-9.6923e-14
-1.07336e-13
-1.16487e-13
-1.22037e-13
-1.22037e-13
-1.16487e-13
-1.07336e-13
-9.6923e-14
-8.68243e-14
-7.7754e-14
-6.98922e-14
-6.31739e-14
-5.7451e-14
-5.25639e-14
-5.03356e-14
-5.45766e-14
-5.94101e-14
-6.48933e-14
-7.1038e-14
-7.7754e-14
-8.47567e-14
-9.14581e-14
-9.6923e-14
-1.0005e-13
-1.0005e-13
-9.6923e-14
-9.14581e-14
-8.47567e-14
-7.7754e-14
-7.1038e-14
-6.48933e-14
-5.94101e-14
-5.45766e-14
-5.03356e-14
-4.80021e-14
-5.16376e-14
-5.56738e-14
-6.01091e-14
-6.48933e-14
-6.98922e-14
-7.48463e-14
-7.9341e-14
-8.28302e-14
-8.47567e-14
-8.47567e-14
-8.28302e-14
-7.9341e-14
-7.48463e-14
-6.98922e-14
-6.48933e-14
-6.01091e-14
-5.56738e-14
-5.16376e-14
-4.80021e-14
-4.56509e-14
-4.87435e-14
-5.20946e-14
-5.56738e-14
-5.94101e-14
-6.31739e-14
-6.67611e-14
-6.98922e-14
-7.22421e-14
-7.35097e-14
-7.35097e-14
-7.22421e-14
-6.98922e-14
-6.67611e-14
-6.31739e-14
-5.94101e-14
-5.56738e-14
-5.20946e-14
-4.87435e-14
-4.56509e-14
-4.33453e-14
-4.59658e-14
-4.87435e-14
-5.16376e-14
-5.45766e-14
-5.7451e-14
-6.01091e-14
-6.2364e-14
-6.40163e-14
-6.48933e-14
-6.48933e-14
-6.40163e-14
-6.2364e-14
-6.01091e-14
-5.7451e-14
-5.45766e-14
-5.16376e-14
-4.87435e-14
-4.59658e-14
-4.33453e-14
-4.11273e-14
-4.33453e-14
-4.56509e-14
-4.80021e-14
-5.03356e-14
-5.25639e-14
-5.45766e-14
-5.62477e-14
-5.7451e-14
-5.80824e-14
-5.80824e-14
-5.7451e-14
-5.62477e-14
-5.45766e-14
-5.25639e-14
-5.03356e-14
-4.80021e-14
-4.56509e-14
-4.33453e-14
-4.11273e-14
)
;

boundaryField
{
    movingWall
    {
        type            zeroGradient;
    }
    fixedWalls
    {
        type            zeroGradient;
    }
    frontAndBack
    {
        type            empty;
    }
}


// ************************************************************************* //
