/*--------------------------------*- C++ -*----------------------------------*\
| =========                 |                                                 |
| \\      /  F ield         | OpenFOAM: The Open Source CFD Toolbox           |
|  \\    /   O peration     | Version:  v2012                                 |
|   \\  /    A nd           | Website:  www.openfoam.com                      |
|    \\/     M anipulation  |                                                 |
\*---------------------------------------------------------------------------*/
FoamFile
{
    version     2.0;
    format      ascii;
    class       volScalarField;
    location    "7.5";
    object      p;
}
// * * * * * * * * * * * * * * * * * * * * * * * * * * * * * * * * * * * * * //

dimensions      [0 2 -2 0 0 0 0];


internalField   nonuniform List<scalar> 
400
(
1.2225e-13
1.28843e-13
1.35697e-13
1.42686e-13
1.49622e-13
1.56245e-13
1.62228e-13
1.67196e-13
1.70772e-13
1.72649e-13
1.72649e-13
1.70772e-13
1.67196e-13
1.62228e-13
1.56245e-13
1.49622e-13
1.42686e-13
1.35697e-13
1.28843e-13
1.2225e-13
1.28843e-13
1.36633e-13
1.44889e-13
1.53492e-13
1.62228e-13
1.70772e-13
1.78673e-13
1.85376e-13
1.90288e-13
1.92894e-13
1.92894e-13
1.90288e-13
1.85376e-13
1.78673e-13
1.70772e-13
1.62228e-13
1.53492e-13
1.44889e-13
1.36633e-13
1.28843e-13
1.35697e-13
1.44889e-13
1.5485e-13
1.65489e-13
1.76596e-13
1.87784e-13
1.98446e-13
2.07754e-13
2.14739e-13
2.18506e-13
2.18506e-13
2.14739e-13
2.07754e-13
1.98446e-13
1.87784e-13
1.76596e-13
1.65489e-13
1.5485e-13
1.44889e-13
1.35697e-13
1.42686e-13
1.53492e-13
1.65489e-13
1.78673e-13
1.92894e-13
2.07754e-13
2.2248e-13
2.3584e-13
2.46212e-13
2.51938e-13
2.51938e-13
2.46212e-13
2.3584e-13
2.2248e-13
2.07754e-13
1.92894e-13
1.78673e-13
1.65489e-13
1.53492e-13
1.42686e-13
1.49622e-13
1.62228e-13
1.76596e-13
1.92894e-13
2.1116e-13
2.31123e-13
2.51938e-13
2.71858e-13
2.88102e-13
2.97398e-13
2.97398e-13
2.88102e-13
2.71858e-13
2.51938e-13
2.31123e-13
2.1116e-13
1.92894e-13
1.76596e-13
1.62228e-13
1.49622e-13
1.56245e-13
1.70772e-13
1.87784e-13
2.07754e-13
2.31123e-13
2.58084e-13
2.88102e-13
3.19055e-13
3.46256e-13
3.62753e-13
3.62753e-13
3.46256e-13
3.19055e-13
2.88102e-13
2.58084e-13
2.31123e-13
2.07754e-13
1.87784e-13
1.70772e-13
1.56245e-13
1.62228e-13
1.78673e-13
1.98446e-13
2.2248e-13
2.51938e-13
2.88102e-13
3.31822e-13
3.81859e-13
4.31325e-13
4.64551e-13
4.64551e-13
4.31325e-13
3.81859e-13
3.31822e-13
2.88102e-13
2.51938e-13
2.2248e-13
1.98446e-13
1.78673e-13
1.62228e-13
1.67196e-13
1.85376e-13
2.07754e-13
2.3584e-13
2.71858e-13
3.19055e-13
3.81859e-13
4.64551e-13
5.63351e-13
6.44216e-13
6.44216e-13
5.63351e-13
4.64551e-13
3.81859e-13
3.19055e-13
2.71858e-13
2.3584e-13
2.07754e-13
1.85376e-13
1.67196e-13
1.70772e-13
1.90288e-13
2.14739e-13
2.46212e-13
2.88102e-13
3.46256e-13
4.31325e-13
5.63351e-13
7.74252e-13
1.03877e-12
1.03877e-12
7.74252e-13
5.63351e-13
4.31325e-13
3.46256e-13
2.88102e-13
2.46212e-13
2.14739e-13
1.90288e-13
1.70772e-13
1.72649e-13
1.92894e-13
2.18506e-13
2.51938e-13
2.97398e-13
3.62753e-13
4.64551e-13
6.44216e-13
1.03877e-12
2.32276e-12
2.32276e-12
1.03877e-12
6.44216e-13
4.64551e-13
3.62753e-13
2.97398e-13
2.51938e-13
2.18506e-13
1.92894e-13
1.72649e-13
1.72649e-13
1.92894e-13
2.18506e-13
2.51938e-13
2.97398e-13
3.62753e-13
4.64551e-13
6.44216e-13
1.03877e-12
2.32276e-12
2.32276e-12
1.03877e-12
6.44216e-13
4.64551e-13
3.62753e-13
2.97398e-13
2.51938e-13
2.18506e-13
1.92894e-13
1.72649e-13
1.70772e-13
1.90288e-13
2.14739e-13
2.46212e-13
2.88102e-13
3.46256e-13
4.31325e-13
5.63351e-13
7.74252e-13
1.03877e-12
1.03877e-12
7.74252e-13
5.63351e-13
4.31325e-13
3.46256e-13
2.88102e-13
2.46212e-13
2.14739e-13
1.90288e-13
1.70772e-13
1.67196e-13
1.85376e-13
2.07754e-13
2.3584e-13
2.71858e-13
3.19055e-13
3.81859e-13
4.64551e-13
5.63351e-13
6.44216e-13
6.44216e-13
5.63351e-13
4.64551e-13
3.81859e-13
3.19055e-13
2.71858e-13
2.3584e-13
2.07754e-13
1.85376e-13
1.67196e-13
1.62228e-13
1.78673e-13
1.98446e-13
2.2248e-13
2.51938e-13
2.88102e-13
3.31822e-13
3.81859e-13
4.31325e-13
4.64551e-13
4.64551e-13
4.31325e-13
3.81859e-13
3.31822e-13
2.88102e-13
2.51938e-13
2.2248e-13
1.98446e-13
1.78673e-13
1.62228e-13
1.56245e-13
1.70772e-13
1.87784e-13
2.07754e-13
2.31123e-13
2.58084e-13
2.88102e-13
3.19055e-13
3.46256e-13
3.62753e-13
3.62753e-13
3.46256e-13
3.19055e-13
2.88102e-13
2.58084e-13
2.31123e-13
2.07754e-13
1.87784e-13
1.70772e-13
1.56245e-13
1.49622e-13
1.62228e-13
1.76596e-13
1.92894e-13
2.1116e-13
2.31123e-13
2.51938e-13
2.71858e-13
2.88102e-13
2.97398e-13
2.97398e-13
2.88102e-13
2.71858e-13
2.51938e-13
2.31123e-13
2.1116e-13
1.92894e-13
1.76596e-13
1.62228e-13
1.49622e-13
1.42686e-13
1.53492e-13
1.65489e-13
1.78673e-13
1.92894e-13
2.07754e-13
2.2248e-13
2.3584e-13
2.46212e-13
2.51938e-13
2.51938e-13
2.46212e-13
2.3584e-13
2.2248e-13
2.07754e-13
1.92894e-13
1.78673e-13
1.65489e-13
1.53492e-13
1.42686e-13
1.35697e-13
1.44889e-13
1.5485e-13
1.65489e-13
1.76596e-13
1.87784e-13
1.98446e-13
2.07754e-13
2.14739e-13
2.18506e-13
2.18506e-13
2.14739e-13
2.07754e-13
1.98446e-13
1.87784e-13
1.76596e-13
1.65489e-13
1.5485e-13
1.44889e-13
1.35697e-13
1.28843e-13
1.36633e-13
1.44889e-13
1.53492e-13
1.62228e-13
1.70772e-13
1.78673e-13
1.85376e-13
1.90288e-13
1.92894e-13
1.92894e-13
1.90288e-13
1.85376e-13
1.78673e-13
1.70772e-13
1.62228e-13
1.53492e-13
1.44889e-13
1.36633e-13
1.28843e-13
1.2225e-13
1.28843e-13
1.35697e-13
1.42686e-13
1.49622e-13
1.56245e-13
1.62228e-13
1.67196e-13
1.70772e-13
1.72649e-13
1.72649e-13
1.70772e-13
1.67196e-13
1.62228e-13
1.56245e-13
1.49622e-13
1.42686e-13
1.35697e-13
1.28843e-13
1.2225e-13
)
;

boundaryField
{
    movingWall
    {
        type            zeroGradient;
    }
    fixedWalls
    {
        type            zeroGradient;
    }
    frontAndBack
    {
        type            empty;
    }
}


// ************************************************************************* //
