/*--------------------------------*- C++ -*----------------------------------*\
| =========                 |                                                 |
| \\      /  F ield         | OpenFOAM: The Open Source CFD Toolbox           |
|  \\    /   O peration     | Version:  v2012                                 |
|   \\  /    A nd           | Website:  www.openfoam.com                      |
|    \\/     M anipulation  |                                                 |
\*---------------------------------------------------------------------------*/
FoamFile
{
    version     2.0;
    format      ascii;
    class       volScalarField;
    location    "5.5";
    object      p;
}
// * * * * * * * * * * * * * * * * * * * * * * * * * * * * * * * * * * * * * //

dimensions      [0 2 -2 0 0 0 0];


internalField   nonuniform List<scalar> 
400
(
7.79785e-14
8.21839e-14
8.65555e-14
9.10135e-14
9.54377e-14
9.96626e-14
1.03479e-13
1.06647e-13
1.08929e-13
1.10126e-13
1.10126e-13
1.08929e-13
1.06647e-13
1.03479e-13
9.96626e-14
9.54377e-14
9.10135e-14
8.65555e-14
8.21839e-14
7.79785e-14
8.21839e-14
8.71525e-14
9.24192e-14
9.79063e-14
1.03479e-13
1.08929e-13
1.13969e-13
1.18244e-13
1.21377e-13
1.23039e-13
1.23039e-13
1.21377e-13
1.18244e-13
1.13969e-13
1.08929e-13
1.03479e-13
9.79063e-14
9.24192e-14
8.71525e-14
8.21839e-14
8.65555e-14
9.24192e-14
9.87728e-14
1.05559e-13
1.12643e-13
1.1978e-13
1.26581e-13
1.32518e-13
1.36973e-13
1.39376e-13
1.39376e-13
1.36973e-13
1.32518e-13
1.26581e-13
1.1978e-13
1.12643e-13
1.05559e-13
9.87728e-14
9.24192e-14
8.65555e-14
9.10135e-14
9.79063e-14
1.05559e-13
1.13969e-13
1.23039e-13
1.32518e-13
1.41911e-13
1.50433e-13
1.57048e-13
1.60701e-13
1.60701e-13
1.57048e-13
1.50433e-13
1.41911e-13
1.32518e-13
1.23039e-13
1.13969e-13
1.05559e-13
9.79063e-14
9.10135e-14
9.54377e-14
1.03479e-13
1.12643e-13
1.23039e-13
1.3469e-13
1.47424e-13
1.60701e-13
1.73407e-13
1.83769e-13
1.89698e-13
1.89698e-13
1.83769e-13
1.73407e-13
1.60701e-13
1.47424e-13
1.3469e-13
1.23039e-13
1.12643e-13
1.03479e-13
9.54377e-14
9.96626e-14
1.08929e-13
1.1978e-13
1.32518e-13
1.47424e-13
1.64621e-13
1.83769e-13
2.03512e-13
2.20863e-13
2.31386e-13
2.31386e-13
2.20863e-13
2.03512e-13
1.83769e-13
1.64621e-13
1.47424e-13
1.32518e-13
1.1978e-13
1.08929e-13
9.96626e-14
1.03479e-13
1.13969e-13
1.26581e-13
1.41911e-13
1.60701e-13
1.83769e-13
2.11656e-13
2.43572e-13
2.75125e-13
2.96318e-13
2.96318e-13
2.75125e-13
2.43572e-13
2.11656e-13
1.83769e-13
1.60701e-13
1.41911e-13
1.26581e-13
1.13969e-13
1.03479e-13
1.06647e-13
1.18244e-13
1.32518e-13
1.50433e-13
1.73407e-13
2.03512e-13
2.43572e-13
2.96318e-13
3.59339e-13
4.1092e-13
4.1092e-13
3.59339e-13
2.96318e-13
2.43572e-13
2.03512e-13
1.73407e-13
1.50433e-13
1.32518e-13
1.18244e-13
1.06647e-13
1.08929e-13
1.21377e-13
1.36973e-13
1.57048e-13
1.83769e-13
2.20863e-13
2.75125e-13
3.59339e-13
4.93864e-13
6.62588e-13
6.62588e-13
4.93864e-13
3.59339e-13
2.75125e-13
2.20863e-13
1.83769e-13
1.57048e-13
1.36973e-13
1.21377e-13
1.08929e-13
1.10126e-13
1.23039e-13
1.39376e-13
1.60701e-13
1.89698e-13
2.31386e-13
2.96318e-13
4.1092e-13
6.62588e-13
1.48159e-12
1.48159e-12
6.62588e-13
4.1092e-13
2.96318e-13
2.31386e-13
1.89698e-13
1.60701e-13
1.39376e-13
1.23039e-13
1.10126e-13
1.10126e-13
1.23039e-13
1.39376e-13
1.60701e-13
1.89698e-13
2.31386e-13
2.96318e-13
4.1092e-13
6.62588e-13
1.48159e-12
1.48159e-12
6.62588e-13
4.1092e-13
2.96318e-13
2.31386e-13
1.89698e-13
1.60701e-13
1.39376e-13
1.23039e-13
1.10126e-13
1.08929e-13
1.21377e-13
1.36973e-13
1.57048e-13
1.83769e-13
2.20863e-13
2.75125e-13
3.59339e-13
4.93864e-13
6.62588e-13
6.62588e-13
4.93864e-13
3.59339e-13
2.75125e-13
2.20863e-13
1.83769e-13
1.57048e-13
1.36973e-13
1.21377e-13
1.08929e-13
1.06647e-13
1.18244e-13
1.32518e-13
1.50433e-13
1.73407e-13
2.03512e-13
2.43572e-13
2.96318e-13
3.59339e-13
4.1092e-13
4.1092e-13
3.59339e-13
2.96318e-13
2.43572e-13
2.03512e-13
1.73407e-13
1.50433e-13
1.32518e-13
1.18244e-13
1.06647e-13
1.03479e-13
1.13969e-13
1.26581e-13
1.41911e-13
1.60701e-13
1.83769e-13
2.11656e-13
2.43572e-13
2.75125e-13
2.96318e-13
2.96318e-13
2.75125e-13
2.43572e-13
2.11656e-13
1.83769e-13
1.60701e-13
1.41911e-13
1.26581e-13
1.13969e-13
1.03479e-13
9.96626e-14
1.08929e-13
1.1978e-13
1.32518e-13
1.47424e-13
1.64621e-13
1.83769e-13
2.03512e-13
2.20863e-13
2.31386e-13
2.31386e-13
2.20863e-13
2.03512e-13
1.83769e-13
1.64621e-13
1.47424e-13
1.32518e-13
1.1978e-13
1.08929e-13
9.96626e-14
9.54377e-14
1.03479e-13
1.12643e-13
1.23039e-13
1.3469e-13
1.47424e-13
1.60701e-13
1.73407e-13
1.83769e-13
1.89698e-13
1.89698e-13
1.83769e-13
1.73407e-13
1.60701e-13
1.47424e-13
1.3469e-13
1.23039e-13
1.12643e-13
1.03479e-13
9.54377e-14
9.10135e-14
9.79063e-14
1.05559e-13
1.13969e-13
1.23039e-13
1.32518e-13
1.41911e-13
1.50433e-13
1.57048e-13
1.60701e-13
1.60701e-13
1.57048e-13
1.50433e-13
1.41911e-13
1.32518e-13
1.23039e-13
1.13969e-13
1.05559e-13
9.79063e-14
9.10135e-14
8.65555e-14
9.24192e-14
9.87728e-14
1.05559e-13
1.12643e-13
1.1978e-13
1.26581e-13
1.32518e-13
1.36973e-13
1.39376e-13
1.39376e-13
1.36973e-13
1.32518e-13
1.26581e-13
1.1978e-13
1.12643e-13
1.05559e-13
9.87728e-14
9.24192e-14
8.65555e-14
8.21839e-14
8.71525e-14
9.24192e-14
9.79063e-14
1.03479e-13
1.08929e-13
1.13969e-13
1.18244e-13
1.21377e-13
1.23039e-13
1.23039e-13
1.21377e-13
1.18244e-13
1.13969e-13
1.08929e-13
1.03479e-13
9.79063e-14
9.24192e-14
8.71525e-14
8.21839e-14
7.79785e-14
8.21839e-14
8.65555e-14
9.10135e-14
9.54377e-14
9.96626e-14
1.03479e-13
1.06647e-13
1.08929e-13
1.10126e-13
1.10126e-13
1.08929e-13
1.06647e-13
1.03479e-13
9.96626e-14
9.54377e-14
9.10135e-14
8.65555e-14
8.21839e-14
7.79785e-14
)
;

boundaryField
{
    movingWall
    {
        type            zeroGradient;
    }
    fixedWalls
    {
        type            zeroGradient;
    }
    frontAndBack
    {
        type            empty;
    }
}


// ************************************************************************* //
