/*--------------------------------*- C++ -*----------------------------------*\
| =========                 |                                                 |
| \\      /  F ield         | OpenFOAM: The Open Source CFD Toolbox           |
|  \\    /   O peration     | Version:  v2012                                 |
|   \\  /    A nd           | Website:  www.openfoam.com                      |
|    \\/     M anipulation  |                                                 |
\*---------------------------------------------------------------------------*/
FoamFile
{
    version     2.0;
    format      ascii;
    class       volScalarField;
    location    "2.5";
    object      p;
}
// * * * * * * * * * * * * * * * * * * * * * * * * * * * * * * * * * * * * * //

dimensions      [0 2 -2 0 0 0 0];


internalField   nonuniform List<scalar> 
400
(
6.28644e-16
6.62547e-16
6.97789e-16
7.33728e-16
7.69396e-16
8.03456e-16
8.34221e-16
8.59765e-16
8.78157e-16
8.87808e-16
8.87808e-16
8.78157e-16
8.59765e-16
8.34221e-16
8.03456e-16
7.69396e-16
7.33728e-16
6.97789e-16
6.62547e-16
6.28644e-16
6.62547e-16
7.02602e-16
7.45061e-16
7.89297e-16
8.34221e-16
8.78157e-16
9.18787e-16
9.53253e-16
9.7851e-16
9.91914e-16
9.91914e-16
9.7851e-16
9.53253e-16
9.18787e-16
8.78157e-16
8.34221e-16
7.89297e-16
7.45061e-16
7.02602e-16
6.62547e-16
6.97789e-16
7.45061e-16
7.96282e-16
8.50991e-16
9.08103e-16
9.65634e-16
1.02046e-15
1.06832e-15
1.10424e-15
1.12362e-15
1.12362e-15
1.10424e-15
1.06832e-15
1.02046e-15
9.65634e-16
9.08103e-16
8.50991e-16
7.96282e-16
7.45061e-16
6.97789e-16
7.33728e-16
7.89297e-16
8.50991e-16
9.18787e-16
9.91914e-16
1.06832e-15
1.14405e-15
1.21275e-15
1.26609e-15
1.29553e-15
1.29553e-15
1.26609e-15
1.21275e-15
1.14405e-15
1.06832e-15
9.91914e-16
9.18787e-16
8.50991e-16
7.89297e-16
7.33728e-16
7.69396e-16
8.34221e-16
9.08103e-16
9.91914e-16
1.08584e-15
1.1885e-15
1.29553e-15
1.39797e-15
1.4815e-15
1.5293e-15
1.5293e-15
1.4815e-15
1.39797e-15
1.29553e-15
1.1885e-15
1.08584e-15
9.91914e-16
9.08103e-16
8.34221e-16
7.69396e-16
8.03456e-16
8.78157e-16
9.65634e-16
1.06832e-15
1.1885e-15
1.32714e-15
1.4815e-15
1.64067e-15
1.78054e-15
1.86538e-15
1.86538e-15
1.78054e-15
1.64067e-15
1.4815e-15
1.32714e-15
1.1885e-15
1.06832e-15
9.65634e-16
8.78157e-16
8.03456e-16
8.34221e-16
9.18787e-16
1.02046e-15
1.14405e-15
1.29553e-15
1.4815e-15
1.70632e-15
1.96362e-15
2.21799e-15
2.38885e-15
2.38885e-15
2.21799e-15
1.96362e-15
1.70632e-15
1.4815e-15
1.29553e-15
1.14405e-15
1.02046e-15
9.18787e-16
8.34221e-16
8.59765e-16
9.53253e-16
1.06832e-15
1.21275e-15
1.39797e-15
1.64067e-15
1.96362e-15
2.38885e-15
2.8969e-15
3.31273e-15
3.31273e-15
2.8969e-15
2.38885e-15
1.96362e-15
1.64067e-15
1.39797e-15
1.21275e-15
1.06832e-15
9.53253e-16
8.59765e-16
8.78157e-16
9.7851e-16
1.10424e-15
1.26609e-15
1.4815e-15
1.78054e-15
2.21799e-15
2.8969e-15
3.98141e-15
5.34162e-15
5.34162e-15
3.98141e-15
2.8969e-15
2.21799e-15
1.78054e-15
1.4815e-15
1.26609e-15
1.10424e-15
9.7851e-16
8.78157e-16
8.87808e-16
9.91914e-16
1.12362e-15
1.29553e-15
1.5293e-15
1.86538e-15
2.38885e-15
3.31273e-15
5.34162e-15
1.19442e-14
1.19442e-14
5.34162e-15
3.31273e-15
2.38885e-15
1.86538e-15
1.5293e-15
1.29553e-15
1.12362e-15
9.91914e-16
8.87808e-16
8.87808e-16
9.91914e-16
1.12362e-15
1.29553e-15
1.5293e-15
1.86538e-15
2.38885e-15
3.31273e-15
5.34162e-15
1.19442e-14
1.19442e-14
5.34162e-15
3.31273e-15
2.38885e-15
1.86538e-15
1.5293e-15
1.29553e-15
1.12362e-15
9.91914e-16
8.87808e-16
8.78157e-16
9.7851e-16
1.10424e-15
1.26609e-15
1.4815e-15
1.78054e-15
2.21799e-15
2.8969e-15
3.98141e-15
5.34162e-15
5.34162e-15
3.98141e-15
2.8969e-15
2.21799e-15
1.78054e-15
1.4815e-15
1.26609e-15
1.10424e-15
9.7851e-16
8.78157e-16
8.59765e-16
9.53253e-16
1.06832e-15
1.21275e-15
1.39797e-15
1.64067e-15
1.96362e-15
2.38885e-15
2.8969e-15
3.31273e-15
3.31273e-15
2.8969e-15
2.38885e-15
1.96362e-15
1.64067e-15
1.39797e-15
1.21275e-15
1.06832e-15
9.53253e-16
8.59765e-16
8.34221e-16
9.18787e-16
1.02046e-15
1.14405e-15
1.29553e-15
1.4815e-15
1.70632e-15
1.96362e-15
2.21799e-15
2.38885e-15
2.38885e-15
2.21799e-15
1.96362e-15
1.70632e-15
1.4815e-15
1.29553e-15
1.14405e-15
1.02046e-15
9.18787e-16
8.34221e-16
8.03456e-16
8.78157e-16
9.65634e-16
1.06832e-15
1.1885e-15
1.32714e-15
1.4815e-15
1.64067e-15
1.78054e-15
1.86538e-15
1.86538e-15
1.78054e-15
1.64067e-15
1.4815e-15
1.32714e-15
1.1885e-15
1.06832e-15
9.65634e-16
8.78157e-16
8.03456e-16
7.69396e-16
8.34221e-16
9.08103e-16
9.91914e-16
1.08584e-15
1.1885e-15
1.29553e-15
1.39797e-15
1.4815e-15
1.5293e-15
1.5293e-15
1.4815e-15
1.39797e-15
1.29553e-15
1.1885e-15
1.08584e-15
9.91914e-16
9.08103e-16
8.34221e-16
7.69396e-16
7.33728e-16
7.89297e-16
8.50991e-16
9.18787e-16
9.91914e-16
1.06832e-15
1.14405e-15
1.21275e-15
1.26609e-15
1.29553e-15
1.29553e-15
1.26609e-15
1.21275e-15
1.14405e-15
1.06832e-15
9.91914e-16
9.18787e-16
8.50991e-16
7.89297e-16
7.33728e-16
6.97789e-16
7.45061e-16
7.96282e-16
8.50991e-16
9.08103e-16
9.65634e-16
1.02046e-15
1.06832e-15
1.10424e-15
1.12362e-15
1.12362e-15
1.10424e-15
1.06832e-15
1.02046e-15
9.65634e-16
9.08103e-16
8.50991e-16
7.96282e-16
7.45061e-16
6.97789e-16
6.62547e-16
7.02602e-16
7.45061e-16
7.89297e-16
8.34221e-16
8.78157e-16
9.18787e-16
9.53253e-16
9.7851e-16
9.91914e-16
9.91914e-16
9.7851e-16
9.53253e-16
9.18787e-16
8.78157e-16
8.34221e-16
7.89297e-16
7.45061e-16
7.02602e-16
6.62547e-16
6.28644e-16
6.62547e-16
6.97789e-16
7.33728e-16
7.69396e-16
8.03456e-16
8.34221e-16
8.59765e-16
8.78157e-16
8.87808e-16
8.87808e-16
8.78157e-16
8.59765e-16
8.34221e-16
8.03456e-16
7.69396e-16
7.33728e-16
6.97789e-16
6.62547e-16
6.28644e-16
)
;

boundaryField
{
    movingWall
    {
        type            zeroGradient;
    }
    fixedWalls
    {
        type            zeroGradient;
    }
    frontAndBack
    {
        type            empty;
    }
}


// ************************************************************************* //
