/*--------------------------------*- C++ -*----------------------------------*\
| =========                 |                                                 |
| \\      /  F ield         | OpenFOAM: The Open Source CFD Toolbox           |
|  \\    /   O peration     | Version:  v2012                                 |
|   \\  /    A nd           | Website:  www.openfoam.com                      |
|    \\/     M anipulation  |                                                 |
\*---------------------------------------------------------------------------*/
FoamFile
{
    version     2.0;
    format      ascii;
    class       volScalarField;
    location    "4.5";
    object      p;
}
// * * * * * * * * * * * * * * * * * * * * * * * * * * * * * * * * * * * * * //

dimensions      [0 2 -2 0 0 0 0];


internalField   nonuniform List<scalar> 
400
(
5.21952e-14
5.50101e-14
5.79363e-14
6.09202e-14
6.38816e-14
6.67096e-14
6.9264e-14
7.13848e-14
7.29119e-14
7.37132e-14
7.37132e-14
7.29119e-14
7.13848e-14
6.9264e-14
6.67096e-14
6.38816e-14
6.09202e-14
5.79363e-14
5.50101e-14
5.21952e-14
5.50101e-14
5.83358e-14
6.18611e-14
6.5534e-14
6.9264e-14
7.29119e-14
7.62853e-14
7.9147e-14
8.1244e-14
8.2357e-14
8.2357e-14
8.1244e-14
7.9147e-14
7.62853e-14
7.29119e-14
6.9264e-14
6.5534e-14
6.18611e-14
5.83358e-14
5.50101e-14
5.79363e-14
6.18611e-14
6.61139e-14
7.06564e-14
7.53983e-14
8.01749e-14
8.47274e-14
8.87012e-14
9.16836e-14
9.32922e-14
9.32922e-14
9.16836e-14
8.87012e-14
8.47274e-14
8.01749e-14
7.53983e-14
7.06564e-14
6.61139e-14
6.18611e-14
5.79363e-14
6.09202e-14
6.5534e-14
7.06564e-14
7.62853e-14
8.2357e-14
8.87012e-14
9.49885e-14
1.00693e-13
1.05121e-13
1.07566e-13
1.07566e-13
1.05121e-13
1.00693e-13
9.49885e-14
8.87012e-14
8.2357e-14
7.62853e-14
7.06564e-14
6.5534e-14
6.09202e-14
6.38816e-14
6.9264e-14
7.53983e-14
8.2357e-14
9.01554e-14
9.86788e-14
1.07566e-13
1.16071e-13
1.23006e-13
1.26975e-13
1.26975e-13
1.23006e-13
1.16071e-13
1.07566e-13
9.86788e-14
9.01554e-14
8.2357e-14
7.53983e-14
6.9264e-14
6.38816e-14
6.67096e-14
7.29119e-14
8.01749e-14
8.87012e-14
9.86788e-14
1.1019e-13
1.23006e-13
1.36222e-13
1.47835e-13
1.54879e-13
1.54879e-13
1.47835e-13
1.36222e-13
1.23006e-13
1.1019e-13
9.86788e-14
8.87012e-14
8.01749e-14
7.29119e-14
6.67096e-14
6.9264e-14
7.62853e-14
8.47274e-14
9.49885e-14
1.07566e-13
1.23006e-13
1.41673e-13
1.63036e-13
1.84156e-13
1.98342e-13
1.98342e-13
1.84156e-13
1.63036e-13
1.41673e-13
1.23006e-13
1.07566e-13
9.49885e-14
8.47274e-14
7.62853e-14
6.9264e-14
7.13848e-14
7.9147e-14
8.87012e-14
1.00693e-13
1.16071e-13
1.36222e-13
1.63036e-13
1.98342e-13
2.40525e-13
2.75051e-13
2.75051e-13
2.40525e-13
1.98342e-13
1.63036e-13
1.36222e-13
1.16071e-13
1.00693e-13
8.87012e-14
7.9147e-14
7.13848e-14
7.29119e-14
8.1244e-14
9.16836e-14
1.05121e-13
1.23006e-13
1.47835e-13
1.84156e-13
2.40525e-13
3.3057e-13
4.43506e-13
4.43506e-13
3.3057e-13
2.40525e-13
1.84156e-13
1.47835e-13
1.23006e-13
1.05121e-13
9.16836e-14
8.1244e-14
7.29119e-14
7.37132e-14
8.2357e-14
9.32922e-14
1.07566e-13
1.26975e-13
1.54879e-13
1.98342e-13
2.75051e-13
4.43506e-13
9.91709e-13
9.91709e-13
4.43506e-13
2.75051e-13
1.98342e-13
1.54879e-13
1.26975e-13
1.07566e-13
9.32922e-14
8.2357e-14
7.37132e-14
7.37132e-14
8.2357e-14
9.32922e-14
1.07566e-13
1.26975e-13
1.54879e-13
1.98342e-13
2.75051e-13
4.43506e-13
9.91709e-13
9.91709e-13
4.43506e-13
2.75051e-13
1.98342e-13
1.54879e-13
1.26975e-13
1.07566e-13
9.32922e-14
8.2357e-14
7.37132e-14
7.29119e-14
8.1244e-14
9.16836e-14
1.05121e-13
1.23006e-13
1.47835e-13
1.84156e-13
2.40525e-13
3.3057e-13
4.43506e-13
4.43506e-13
3.3057e-13
2.40525e-13
1.84156e-13
1.47835e-13
1.23006e-13
1.05121e-13
9.16836e-14
8.1244e-14
7.29119e-14
7.13848e-14
7.9147e-14
8.87012e-14
1.00693e-13
1.16071e-13
1.36222e-13
1.63036e-13
1.98342e-13
2.40525e-13
2.75051e-13
2.75051e-13
2.40525e-13
1.98342e-13
1.63036e-13
1.36222e-13
1.16071e-13
1.00693e-13
8.87012e-14
7.9147e-14
7.13848e-14
6.9264e-14
7.62853e-14
8.47274e-14
9.49885e-14
1.07566e-13
1.23006e-13
1.41673e-13
1.63036e-13
1.84156e-13
1.98342e-13
1.98342e-13
1.84156e-13
1.63036e-13
1.41673e-13
1.23006e-13
1.07566e-13
9.49885e-14
8.47274e-14
7.62853e-14
6.9264e-14
6.67096e-14
7.29119e-14
8.01749e-14
8.87012e-14
9.86788e-14
1.1019e-13
1.23006e-13
1.36222e-13
1.47835e-13
1.54879e-13
1.54879e-13
1.47835e-13
1.36222e-13
1.23006e-13
1.1019e-13
9.86788e-14
8.87012e-14
8.01749e-14
7.29119e-14
6.67096e-14
6.38816e-14
6.9264e-14
7.53983e-14
8.2357e-14
9.01554e-14
9.86788e-14
1.07566e-13
1.16071e-13
1.23006e-13
1.26975e-13
1.26975e-13
1.23006e-13
1.16071e-13
1.07566e-13
9.86788e-14
9.01554e-14
8.2357e-14
7.53983e-14
6.9264e-14
6.38816e-14
6.09202e-14
6.5534e-14
7.06564e-14
7.62853e-14
8.2357e-14
8.87012e-14
9.49885e-14
1.00693e-13
1.05121e-13
1.07566e-13
1.07566e-13
1.05121e-13
1.00693e-13
9.49885e-14
8.87012e-14
8.2357e-14
7.62853e-14
7.06564e-14
6.5534e-14
6.09202e-14
5.79363e-14
6.18611e-14
6.61139e-14
7.06564e-14
7.53983e-14
8.01749e-14
8.47274e-14
8.87012e-14
9.16836e-14
9.32922e-14
9.32922e-14
9.16836e-14
8.87012e-14
8.47274e-14
8.01749e-14
7.53983e-14
7.06564e-14
6.61139e-14
6.18611e-14
5.79363e-14
5.50101e-14
5.83358e-14
6.18611e-14
6.5534e-14
6.9264e-14
7.29119e-14
7.62853e-14
7.9147e-14
8.1244e-14
8.2357e-14
8.2357e-14
8.1244e-14
7.9147e-14
7.62853e-14
7.29119e-14
6.9264e-14
6.5534e-14
6.18611e-14
5.83358e-14
5.50101e-14
5.21952e-14
5.50101e-14
5.79363e-14
6.09202e-14
6.38816e-14
6.67096e-14
6.9264e-14
7.13848e-14
7.29119e-14
7.37132e-14
7.37132e-14
7.29119e-14
7.13848e-14
6.9264e-14
6.67096e-14
6.38816e-14
6.09202e-14
5.79363e-14
5.50101e-14
5.21952e-14
)
;

boundaryField
{
    movingWall
    {
        type            zeroGradient;
    }
    fixedWalls
    {
        type            zeroGradient;
    }
    frontAndBack
    {
        type            empty;
    }
}


// ************************************************************************* //
