/*--------------------------------*- C++ -*----------------------------------*\
| =========                 |                                                 |
| \\      /  F ield         | OpenFOAM: The Open Source CFD Toolbox           |
|  \\    /   O peration     | Version:  v2012                                 |
|   \\  /    A nd           | Website:  www.openfoam.com                      |
|    \\/     M anipulation  |                                                 |
\*---------------------------------------------------------------------------*/
FoamFile
{
    version     2.0;
    format      ascii;
    class       volScalarField;
    location    "6";
    object      p;
}
// * * * * * * * * * * * * * * * * * * * * * * * * * * * * * * * * * * * * * //

dimensions      [0 2 -2 0 0 0 0];


internalField   nonuniform List<scalar> 
400
(
-8.90465e-14
-9.38488e-14
-9.88408e-14
-1.03932e-13
-1.08984e-13
-1.13808e-13
-1.18166e-13
-1.21784e-13
-1.2439e-13
-1.25757e-13
-1.25757e-13
-1.2439e-13
-1.21784e-13
-1.18166e-13
-1.13808e-13
-1.08984e-13
-1.03932e-13
-9.88408e-14
-9.38488e-14
-8.90465e-14
-9.38488e-14
-9.95225e-14
-1.05537e-13
-1.11803e-13
-1.18166e-13
-1.2439e-13
-1.30145e-13
-1.35027e-13
-1.38604e-13
-1.40503e-13
-1.40503e-13
-1.38604e-13
-1.35027e-13
-1.30145e-13
-1.2439e-13
-1.18166e-13
-1.11803e-13
-1.05537e-13
-9.95225e-14
-9.38488e-14
-9.88408e-14
-1.05537e-13
-1.12792e-13
-1.20542e-13
-1.28631e-13
-1.36781e-13
-1.44547e-13
-1.51327e-13
-1.56415e-13
-1.59159e-13
-1.59159e-13
-1.56415e-13
-1.51327e-13
-1.44547e-13
-1.36781e-13
-1.28631e-13
-1.20542e-13
-1.12792e-13
-1.05537e-13
-9.88408e-14
-1.03932e-13
-1.11803e-13
-1.20542e-13
-1.30145e-13
-1.40503e-13
-1.51327e-13
-1.62053e-13
-1.71785e-13
-1.79339e-13
-1.8351e-13
-1.8351e-13
-1.79339e-13
-1.71785e-13
-1.62053e-13
-1.51327e-13
-1.40503e-13
-1.30145e-13
-1.20542e-13
-1.11803e-13
-1.03932e-13
-1.08984e-13
-1.18166e-13
-1.28631e-13
-1.40503e-13
-1.53808e-13
-1.68349e-13
-1.8351e-13
-1.9802e-13
-2.09852e-13
-2.16623e-13
-2.16623e-13
-2.09852e-13
-1.9802e-13
-1.8351e-13
-1.68349e-13
-1.53808e-13
-1.40503e-13
-1.28631e-13
-1.18166e-13
-1.08984e-13
-1.13808e-13
-1.2439e-13
-1.36781e-13
-1.51327e-13
-1.68349e-13
-1.87987e-13
-2.09852e-13
-2.32398e-13
-2.52211e-13
-2.64228e-13
-2.64228e-13
-2.52211e-13
-2.32398e-13
-2.09852e-13
-1.87987e-13
-1.68349e-13
-1.51327e-13
-1.36781e-13
-1.2439e-13
-1.13808e-13
-1.18166e-13
-1.30145e-13
-1.44547e-13
-1.62053e-13
-1.8351e-13
-2.09852e-13
-2.41698e-13
-2.78144e-13
-3.14175e-13
-3.38377e-13
-3.38377e-13
-3.14175e-13
-2.78144e-13
-2.41698e-13
-2.09852e-13
-1.8351e-13
-1.62053e-13
-1.44547e-13
-1.30145e-13
-1.18166e-13
-1.21784e-13
-1.35027e-13
-1.51327e-13
-1.71785e-13
-1.9802e-13
-2.32398e-13
-2.78144e-13
-3.38377e-13
-4.10342e-13
-4.69244e-13
-4.69244e-13
-4.10342e-13
-3.38377e-13
-2.78144e-13
-2.32398e-13
-1.9802e-13
-1.71785e-13
-1.51327e-13
-1.35027e-13
-1.21784e-13
-1.2439e-13
-1.38604e-13
-1.56415e-13
-1.79339e-13
-2.09852e-13
-2.52211e-13
-3.14175e-13
-4.10342e-13
-5.63961e-13
-7.56633e-13
-7.56633e-13
-5.63961e-13
-4.10342e-13
-3.14175e-13
-2.52211e-13
-2.09852e-13
-1.79339e-13
-1.56415e-13
-1.38604e-13
-1.2439e-13
-1.25757e-13
-1.40503e-13
-1.59159e-13
-1.8351e-13
-2.16623e-13
-2.64228e-13
-3.38377e-13
-4.69244e-13
-7.56633e-13
-1.69188e-12
-1.69188e-12
-7.56633e-13
-4.69244e-13
-3.38377e-13
-2.64228e-13
-2.16623e-13
-1.8351e-13
-1.59159e-13
-1.40503e-13
-1.25757e-13
-1.25757e-13
-1.40503e-13
-1.59159e-13
-1.8351e-13
-2.16623e-13
-2.64228e-13
-3.38377e-13
-4.69244e-13
-7.56633e-13
-1.69188e-12
-1.69188e-12
-7.56633e-13
-4.69244e-13
-3.38377e-13
-2.64228e-13
-2.16623e-13
-1.8351e-13
-1.59159e-13
-1.40503e-13
-1.25757e-13
-1.2439e-13
-1.38604e-13
-1.56415e-13
-1.79339e-13
-2.09852e-13
-2.52211e-13
-3.14175e-13
-4.10342e-13
-5.63961e-13
-7.56633e-13
-7.56633e-13
-5.63961e-13
-4.10342e-13
-3.14175e-13
-2.52211e-13
-2.09852e-13
-1.79339e-13
-1.56415e-13
-1.38604e-13
-1.2439e-13
-1.21784e-13
-1.35027e-13
-1.51327e-13
-1.71785e-13
-1.9802e-13
-2.32398e-13
-2.78144e-13
-3.38377e-13
-4.10342e-13
-4.69244e-13
-4.69244e-13
-4.10342e-13
-3.38377e-13
-2.78144e-13
-2.32398e-13
-1.9802e-13
-1.71785e-13
-1.51327e-13
-1.35027e-13
-1.21784e-13
-1.18166e-13
-1.30145e-13
-1.44547e-13
-1.62053e-13
-1.8351e-13
-2.09852e-13
-2.41698e-13
-2.78144e-13
-3.14175e-13
-3.38377e-13
-3.38377e-13
-3.14175e-13
-2.78144e-13
-2.41698e-13
-2.09852e-13
-1.8351e-13
-1.62053e-13
-1.44547e-13
-1.30145e-13
-1.18166e-13
-1.13808e-13
-1.2439e-13
-1.36781e-13
-1.51327e-13
-1.68349e-13
-1.87987e-13
-2.09852e-13
-2.32398e-13
-2.52211e-13
-2.64228e-13
-2.64228e-13
-2.52211e-13
-2.32398e-13
-2.09852e-13
-1.87987e-13
-1.68349e-13
-1.51327e-13
-1.36781e-13
-1.2439e-13
-1.13808e-13
-1.08984e-13
-1.18166e-13
-1.28631e-13
-1.40503e-13
-1.53808e-13
-1.68349e-13
-1.8351e-13
-1.9802e-13
-2.09852e-13
-2.16623e-13
-2.16623e-13
-2.09852e-13
-1.9802e-13
-1.8351e-13
-1.68349e-13
-1.53808e-13
-1.40503e-13
-1.28631e-13
-1.18166e-13
-1.08984e-13
-1.03932e-13
-1.11803e-13
-1.20542e-13
-1.30145e-13
-1.40503e-13
-1.51327e-13
-1.62053e-13
-1.71785e-13
-1.79339e-13
-1.8351e-13
-1.8351e-13
-1.79339e-13
-1.71785e-13
-1.62053e-13
-1.51327e-13
-1.40503e-13
-1.30145e-13
-1.20542e-13
-1.11803e-13
-1.03932e-13
-9.88408e-14
-1.05537e-13
-1.12792e-13
-1.20542e-13
-1.28631e-13
-1.36781e-13
-1.44547e-13
-1.51327e-13
-1.56415e-13
-1.59159e-13
-1.59159e-13
-1.56415e-13
-1.51327e-13
-1.44547e-13
-1.36781e-13
-1.28631e-13
-1.20542e-13
-1.12792e-13
-1.05537e-13
-9.88408e-14
-9.38488e-14
-9.95225e-14
-1.05537e-13
-1.11803e-13
-1.18166e-13
-1.2439e-13
-1.30145e-13
-1.35027e-13
-1.38604e-13
-1.40503e-13
-1.40503e-13
-1.38604e-13
-1.35027e-13
-1.30145e-13
-1.2439e-13
-1.18166e-13
-1.11803e-13
-1.05537e-13
-9.95225e-14
-9.38488e-14
-8.90465e-14
-9.38488e-14
-9.88408e-14
-1.03932e-13
-1.08984e-13
-1.13808e-13
-1.18166e-13
-1.21784e-13
-1.2439e-13
-1.25757e-13
-1.25757e-13
-1.2439e-13
-1.21784e-13
-1.18166e-13
-1.13808e-13
-1.08984e-13
-1.03932e-13
-9.88408e-14
-9.38488e-14
-8.90465e-14
)
;

boundaryField
{
    movingWall
    {
        type            zeroGradient;
    }
    fixedWalls
    {
        type            zeroGradient;
    }
    frontAndBack
    {
        type            empty;
    }
}


// ************************************************************************* //
