/*--------------------------------*- C++ -*----------------------------------*\
| =========                 |                                                 |
| \\      /  F ield         | OpenFOAM: The Open Source CFD Toolbox           |
|  \\    /   O peration     | Version:  v2012                                 |
|   \\  /    A nd           | Website:  www.openfoam.com                      |
|    \\/     M anipulation  |                                                 |
\*---------------------------------------------------------------------------*/
FoamFile
{
    version     2.0;
    format      ascii;
    class       volScalarField;
    location    "3.5";
    object      p;
}
// * * * * * * * * * * * * * * * * * * * * * * * * * * * * * * * * * * * * * //

dimensions      [0 2 -2 0 0 0 0];


internalField   nonuniform List<scalar> 
400
(
3.00593e-14
3.16804e-14
3.33656e-14
3.50841e-14
3.67896e-14
3.84182e-14
3.98893e-14
4.11107e-14
4.19901e-14
4.24516e-14
4.24516e-14
4.19901e-14
4.11107e-14
3.98893e-14
3.84182e-14
3.67896e-14
3.50841e-14
3.33656e-14
3.16804e-14
3.00593e-14
3.16804e-14
3.35957e-14
3.56259e-14
3.77412e-14
3.98893e-14
4.19901e-14
4.39329e-14
4.55809e-14
4.67886e-14
4.74296e-14
4.74296e-14
4.67886e-14
4.55809e-14
4.39329e-14
4.19901e-14
3.98893e-14
3.77412e-14
3.56259e-14
3.35957e-14
3.16804e-14
3.33656e-14
3.56259e-14
3.80752e-14
4.06911e-14
4.3422e-14
4.61729e-14
4.87947e-14
5.10832e-14
5.28007e-14
5.37271e-14
5.37271e-14
5.28007e-14
5.10832e-14
4.87947e-14
4.61729e-14
4.3422e-14
4.06911e-14
3.80752e-14
3.56259e-14
3.33656e-14
3.50841e-14
3.77412e-14
4.06911e-14
4.39329e-14
4.74296e-14
5.10832e-14
5.47041e-14
5.79892e-14
6.05394e-14
6.19475e-14
6.19475e-14
6.05394e-14
5.79892e-14
5.47041e-14
5.10832e-14
4.74296e-14
4.39329e-14
4.06911e-14
3.77412e-14
3.50841e-14
3.67896e-14
3.98893e-14
4.3422e-14
4.74296e-14
5.19207e-14
5.68293e-14
6.19475e-14
6.68454e-14
7.08396e-14
7.31254e-14
7.31254e-14
7.08396e-14
6.68454e-14
6.19475e-14
5.68293e-14
5.19207e-14
4.74296e-14
4.3422e-14
3.98893e-14
3.67896e-14
3.84182e-14
4.19901e-14
4.61729e-14
5.10832e-14
5.68293e-14
6.34586e-14
7.08396e-14
7.84504e-14
8.51386e-14
8.91951e-14
8.91951e-14
8.51386e-14
7.84504e-14
7.08396e-14
6.34586e-14
5.68293e-14
5.10832e-14
4.61729e-14
4.19901e-14
3.84182e-14
3.98893e-14
4.39329e-14
4.87947e-14
5.47041e-14
6.19475e-14
7.08396e-14
8.15896e-14
9.38928e-14
1.06056e-13
1.14225e-13
1.14225e-13
1.06056e-13
9.38928e-14
8.15896e-14
7.08396e-14
6.19475e-14
5.47041e-14
4.87947e-14
4.39329e-14
3.98893e-14
4.11107e-14
4.55809e-14
5.10832e-14
5.79892e-14
6.68454e-14
7.84504e-14
9.38928e-14
1.14225e-13
1.38519e-13
1.58402e-13
1.58402e-13
1.38519e-13
1.14225e-13
9.38928e-14
7.84504e-14
6.68454e-14
5.79892e-14
5.10832e-14
4.55809e-14
4.11107e-14
4.19901e-14
4.67886e-14
5.28007e-14
6.05394e-14
7.08396e-14
8.51386e-14
1.06056e-13
1.38519e-13
1.90376e-13
2.55416e-13
2.55416e-13
1.90376e-13
1.38519e-13
1.06056e-13
8.51386e-14
7.08396e-14
6.05394e-14
5.28007e-14
4.67886e-14
4.19901e-14
4.24516e-14
4.74296e-14
5.37271e-14
6.19475e-14
7.31254e-14
8.91951e-14
1.14225e-13
1.58402e-13
2.55416e-13
5.71127e-13
5.71127e-13
2.55416e-13
1.58402e-13
1.14225e-13
8.91951e-14
7.31254e-14
6.19475e-14
5.37271e-14
4.74296e-14
4.24516e-14
4.24516e-14
4.74296e-14
5.37271e-14
6.19475e-14
7.31254e-14
8.91951e-14
1.14225e-13
1.58402e-13
2.55416e-13
5.71127e-13
5.71127e-13
2.55416e-13
1.58402e-13
1.14225e-13
8.91951e-14
7.31254e-14
6.19475e-14
5.37271e-14
4.74296e-14
4.24516e-14
4.19901e-14
4.67886e-14
5.28007e-14
6.05394e-14
7.08396e-14
8.51386e-14
1.06056e-13
1.38519e-13
1.90376e-13
2.55416e-13
2.55416e-13
1.90376e-13
1.38519e-13
1.06056e-13
8.51386e-14
7.08396e-14
6.05394e-14
5.28007e-14
4.67886e-14
4.19901e-14
4.11107e-14
4.55809e-14
5.10832e-14
5.79892e-14
6.68454e-14
7.84504e-14
9.38928e-14
1.14225e-13
1.38519e-13
1.58402e-13
1.58402e-13
1.38519e-13
1.14225e-13
9.38928e-14
7.84504e-14
6.68454e-14
5.79892e-14
5.10832e-14
4.55809e-14
4.11107e-14
3.98893e-14
4.39329e-14
4.87947e-14
5.47041e-14
6.19475e-14
7.08396e-14
8.15896e-14
9.38928e-14
1.06056e-13
1.14225e-13
1.14225e-13
1.06056e-13
9.38928e-14
8.15896e-14
7.08396e-14
6.19475e-14
5.47041e-14
4.87947e-14
4.39329e-14
3.98893e-14
3.84182e-14
4.19901e-14
4.61729e-14
5.10832e-14
5.68293e-14
6.34586e-14
7.08396e-14
7.84504e-14
8.51386e-14
8.91951e-14
8.91951e-14
8.51386e-14
7.84504e-14
7.08396e-14
6.34586e-14
5.68293e-14
5.10832e-14
4.61729e-14
4.19901e-14
3.84182e-14
3.67896e-14
3.98893e-14
4.3422e-14
4.74296e-14
5.19207e-14
5.68293e-14
6.19475e-14
6.68454e-14
7.08396e-14
7.31254e-14
7.31254e-14
7.08396e-14
6.68454e-14
6.19475e-14
5.68293e-14
5.19207e-14
4.74296e-14
4.3422e-14
3.98893e-14
3.67896e-14
3.50841e-14
3.77412e-14
4.06911e-14
4.39329e-14
4.74296e-14
5.10832e-14
5.47041e-14
5.79892e-14
6.05394e-14
6.19475e-14
6.19475e-14
6.05394e-14
5.79892e-14
5.47041e-14
5.10832e-14
4.74296e-14
4.39329e-14
4.06911e-14
3.77412e-14
3.50841e-14
3.33656e-14
3.56259e-14
3.80752e-14
4.06911e-14
4.3422e-14
4.61729e-14
4.87947e-14
5.10832e-14
5.28007e-14
5.37271e-14
5.37271e-14
5.28007e-14
5.10832e-14
4.87947e-14
4.61729e-14
4.3422e-14
4.06911e-14
3.80752e-14
3.56259e-14
3.33656e-14
3.16804e-14
3.35957e-14
3.56259e-14
3.77412e-14
3.98893e-14
4.19901e-14
4.39329e-14
4.55809e-14
4.67886e-14
4.74296e-14
4.74296e-14
4.67886e-14
4.55809e-14
4.39329e-14
4.19901e-14
3.98893e-14
3.77412e-14
3.56259e-14
3.35957e-14
3.16804e-14
3.00593e-14
3.16804e-14
3.33656e-14
3.50841e-14
3.67896e-14
3.84182e-14
3.98893e-14
4.11107e-14
4.19901e-14
4.24516e-14
4.24516e-14
4.19901e-14
4.11107e-14
3.98893e-14
3.84182e-14
3.67896e-14
3.50841e-14
3.33656e-14
3.16804e-14
3.00593e-14
)
;

boundaryField
{
    movingWall
    {
        type            zeroGradient;
    }
    fixedWalls
    {
        type            zeroGradient;
    }
    frontAndBack
    {
        type            empty;
    }
}


// ************************************************************************* //
