/*--------------------------------*- C++ -*----------------------------------*\
| =========                 |                                                 |
| \\      /  F ield         | OpenFOAM: The Open Source CFD Toolbox           |
|  \\    /   O peration     | Version:  v2012                                 |
|   \\  /    A nd           | Website:  www.openfoam.com                      |
|    \\/     M anipulation  |                                                 |
\*---------------------------------------------------------------------------*/
FoamFile
{
    version     2.0;
    format      ascii;
    class       volScalarField;
    location    "2";
    object      p;
}
// * * * * * * * * * * * * * * * * * * * * * * * * * * * * * * * * * * * * * //

dimensions      [0 2 -2 0 0 0 0];


internalField   nonuniform List<scalar> 
400
(
-5.02915e-16
-5.30037e-16
-5.58232e-16
-5.86983e-16
-6.15516e-16
-6.42765e-16
-6.67377e-16
-6.87812e-16
-7.02526e-16
-7.10246e-16
-7.10246e-16
-7.02526e-16
-6.87812e-16
-6.67377e-16
-6.42765e-16
-6.15516e-16
-5.86983e-16
-5.58232e-16
-5.30037e-16
-5.02915e-16
-5.30037e-16
-5.62081e-16
-5.96049e-16
-6.31438e-16
-6.67377e-16
-7.02526e-16
-7.3503e-16
-7.62603e-16
-7.82808e-16
-7.93532e-16
-7.93532e-16
-7.82808e-16
-7.62603e-16
-7.3503e-16
-7.02526e-16
-6.67377e-16
-6.31438e-16
-5.96049e-16
-5.62081e-16
-5.30037e-16
-5.58232e-16
-5.96049e-16
-6.37026e-16
-6.80793e-16
-7.26482e-16
-7.72507e-16
-8.16372e-16
-8.5466e-16
-8.83396e-16
-8.98895e-16
-8.98895e-16
-8.83396e-16
-8.5466e-16
-8.16372e-16
-7.72507e-16
-7.26482e-16
-6.80793e-16
-6.37026e-16
-5.96049e-16
-5.58232e-16
-5.86983e-16
-6.31438e-16
-6.80793e-16
-7.3503e-16
-7.93532e-16
-8.5466e-16
-9.1524e-16
-9.70202e-16
-1.01287e-15
-1.03643e-15
-1.03643e-15
-1.01287e-15
-9.70202e-16
-9.1524e-16
-8.5466e-16
-7.93532e-16
-7.3503e-16
-6.80793e-16
-6.31438e-16
-5.86983e-16
-6.15516e-16
-6.67377e-16
-7.26482e-16
-7.93532e-16
-8.68671e-16
-9.50796e-16
-1.03643e-15
-1.11837e-15
-1.1852e-15
-1.22344e-15
-1.22344e-15
-1.1852e-15
-1.11837e-15
-1.03643e-15
-9.50796e-16
-8.68671e-16
-7.93532e-16
-7.26482e-16
-6.67377e-16
-6.15516e-16
-6.42765e-16
-7.02526e-16
-7.72507e-16
-8.5466e-16
-9.50796e-16
-1.06171e-15
-1.1852e-15
-1.31253e-15
-1.42443e-15
-1.4923e-15
-1.4923e-15
-1.42443e-15
-1.31253e-15
-1.1852e-15
-1.06171e-15
-9.50796e-16
-8.5466e-16
-7.72507e-16
-7.02526e-16
-6.42765e-16
-6.67377e-16
-7.3503e-16
-8.16372e-16
-9.1524e-16
-1.03643e-15
-1.1852e-15
-1.36505e-15
-1.5709e-15
-1.77439e-15
-1.91108e-15
-1.91108e-15
-1.77439e-15
-1.5709e-15
-1.36505e-15
-1.1852e-15
-1.03643e-15
-9.1524e-16
-8.16372e-16
-7.3503e-16
-6.67377e-16
-6.87812e-16
-7.62603e-16
-8.5466e-16
-9.70202e-16
-1.11837e-15
-1.31253e-15
-1.5709e-15
-1.91108e-15
-2.31752e-15
-2.65019e-15
-2.65019e-15
-2.31752e-15
-1.91108e-15
-1.5709e-15
-1.31253e-15
-1.11837e-15
-9.70202e-16
-8.5466e-16
-7.62603e-16
-6.87812e-16
-7.02526e-16
-7.82808e-16
-8.83396e-16
-1.01287e-15
-1.1852e-15
-1.42443e-15
-1.77439e-15
-2.31752e-15
-3.18513e-15
-4.2733e-15
-4.2733e-15
-3.18513e-15
-2.31752e-15
-1.77439e-15
-1.42443e-15
-1.1852e-15
-1.01287e-15
-8.83396e-16
-7.82808e-16
-7.02526e-16
-7.10246e-16
-7.93532e-16
-8.98895e-16
-1.03643e-15
-1.22344e-15
-1.4923e-15
-1.91108e-15
-2.65019e-15
-4.2733e-15
-9.55538e-15
-9.55538e-15
-4.2733e-15
-2.65019e-15
-1.91108e-15
-1.4923e-15
-1.22344e-15
-1.03643e-15
-8.98895e-16
-7.93532e-16
-7.10246e-16
-7.10246e-16
-7.93532e-16
-8.98895e-16
-1.03643e-15
-1.22344e-15
-1.4923e-15
-1.91108e-15
-2.65019e-15
-4.2733e-15
-9.55538e-15
-9.55538e-15
-4.2733e-15
-2.65019e-15
-1.91108e-15
-1.4923e-15
-1.22344e-15
-1.03643e-15
-8.98895e-16
-7.93532e-16
-7.10246e-16
-7.02526e-16
-7.82808e-16
-8.83396e-16
-1.01287e-15
-1.1852e-15
-1.42443e-15
-1.77439e-15
-2.31752e-15
-3.18513e-15
-4.2733e-15
-4.2733e-15
-3.18513e-15
-2.31752e-15
-1.77439e-15
-1.42443e-15
-1.1852e-15
-1.01287e-15
-8.83396e-16
-7.82808e-16
-7.02526e-16
-6.87812e-16
-7.62603e-16
-8.5466e-16
-9.70202e-16
-1.11837e-15
-1.31253e-15
-1.5709e-15
-1.91108e-15
-2.31752e-15
-2.65019e-15
-2.65019e-15
-2.31752e-15
-1.91108e-15
-1.5709e-15
-1.31253e-15
-1.11837e-15
-9.70202e-16
-8.5466e-16
-7.62603e-16
-6.87812e-16
-6.67377e-16
-7.3503e-16
-8.16372e-16
-9.1524e-16
-1.03643e-15
-1.1852e-15
-1.36505e-15
-1.5709e-15
-1.77439e-15
-1.91108e-15
-1.91108e-15
-1.77439e-15
-1.5709e-15
-1.36505e-15
-1.1852e-15
-1.03643e-15
-9.1524e-16
-8.16372e-16
-7.3503e-16
-6.67377e-16
-6.42765e-16
-7.02526e-16
-7.72507e-16
-8.5466e-16
-9.50796e-16
-1.06171e-15
-1.1852e-15
-1.31253e-15
-1.42443e-15
-1.4923e-15
-1.4923e-15
-1.42443e-15
-1.31253e-15
-1.1852e-15
-1.06171e-15
-9.50796e-16
-8.5466e-16
-7.72507e-16
-7.02526e-16
-6.42765e-16
-6.15516e-16
-6.67377e-16
-7.26482e-16
-7.93532e-16
-8.68671e-16
-9.50796e-16
-1.03643e-15
-1.11837e-15
-1.1852e-15
-1.22344e-15
-1.22344e-15
-1.1852e-15
-1.11837e-15
-1.03643e-15
-9.50796e-16
-8.68671e-16
-7.93532e-16
-7.26482e-16
-6.67377e-16
-6.15516e-16
-5.86983e-16
-6.31438e-16
-6.80793e-16
-7.3503e-16
-7.93532e-16
-8.5466e-16
-9.1524e-16
-9.70202e-16
-1.01287e-15
-1.03643e-15
-1.03643e-15
-1.01287e-15
-9.70202e-16
-9.1524e-16
-8.5466e-16
-7.93532e-16
-7.3503e-16
-6.80793e-16
-6.31438e-16
-5.86983e-16
-5.58232e-16
-5.96049e-16
-6.37026e-16
-6.80793e-16
-7.26482e-16
-7.72507e-16
-8.16372e-16
-8.5466e-16
-8.83396e-16
-8.98895e-16
-8.98895e-16
-8.83396e-16
-8.5466e-16
-8.16372e-16
-7.72507e-16
-7.26482e-16
-6.80793e-16
-6.37026e-16
-5.96049e-16
-5.58232e-16
-5.30037e-16
-5.62081e-16
-5.96049e-16
-6.31438e-16
-6.67377e-16
-7.02526e-16
-7.3503e-16
-7.62603e-16
-7.82808e-16
-7.93532e-16
-7.93532e-16
-7.82808e-16
-7.62603e-16
-7.3503e-16
-7.02526e-16
-6.67377e-16
-6.31438e-16
-5.96049e-16
-5.62081e-16
-5.30037e-16
-5.02915e-16
-5.30037e-16
-5.58232e-16
-5.86983e-16
-6.15516e-16
-6.42765e-16
-6.67377e-16
-6.87812e-16
-7.02526e-16
-7.10246e-16
-7.10246e-16
-7.02526e-16
-6.87812e-16
-6.67377e-16
-6.42765e-16
-6.15516e-16
-5.86983e-16
-5.58232e-16
-5.30037e-16
-5.02915e-16
)
;

boundaryField
{
    movingWall
    {
        type            zeroGradient;
    }
    fixedWalls
    {
        type            zeroGradient;
    }
    frontAndBack
    {
        type            empty;
    }
}


// ************************************************************************* //
