/*--------------------------------*- C++ -*----------------------------------*\
| =========                 |                                                 |
| \\      /  F ield         | OpenFOAM: The Open Source CFD Toolbox           |
|  \\    /   O peration     | Version:  v2012                                 |
|   \\  /    A nd           | Website:  www.openfoam.com                      |
|    \\/     M anipulation  |                                                 |
\*---------------------------------------------------------------------------*/
FoamFile
{
    version     2.0;
    format      ascii;
    class       volScalarField;
    location    "3";
    object      p;
}
// * * * * * * * * * * * * * * * * * * * * * * * * * * * * * * * * * * * * * //

dimensions      [0 2 -2 0 0 0 0];


internalField   nonuniform List<scalar> 
400
(
-1.89914e-14
-2.00156e-14
-2.10803e-14
-2.2166e-14
-2.32435e-14
-2.42725e-14
-2.52019e-14
-2.59736e-14
-2.65292e-14
-2.68208e-14
-2.68208e-14
-2.65292e-14
-2.59736e-14
-2.52019e-14
-2.42725e-14
-2.32435e-14
-2.2166e-14
-2.10803e-14
-2.00156e-14
-1.89914e-14
-2.00156e-14
-2.12257e-14
-2.25084e-14
-2.38447e-14
-2.52019e-14
-2.65292e-14
-2.77567e-14
-2.87979e-14
-2.95609e-14
-2.99658e-14
-2.99658e-14
-2.95609e-14
-2.87979e-14
-2.77567e-14
-2.65292e-14
-2.52019e-14
-2.38447e-14
-2.25084e-14
-2.12257e-14
-2.00156e-14
-2.10803e-14
-2.25084e-14
-2.40558e-14
-2.57085e-14
-2.74339e-14
-2.91719e-14
-3.08283e-14
-3.22742e-14
-3.33593e-14
-3.39446e-14
-3.39446e-14
-3.33593e-14
-3.22742e-14
-3.08283e-14
-2.91719e-14
-2.74339e-14
-2.57085e-14
-2.40558e-14
-2.25084e-14
-2.10803e-14
-2.2166e-14
-2.38447e-14
-2.57085e-14
-2.77567e-14
-2.99658e-14
-3.22742e-14
-3.45619e-14
-3.66374e-14
-3.82486e-14
-3.91382e-14
-3.91382e-14
-3.82486e-14
-3.66374e-14
-3.45619e-14
-3.22742e-14
-2.99658e-14
-2.77567e-14
-2.57085e-14
-2.38447e-14
-2.2166e-14
-2.32435e-14
-2.52019e-14
-2.74339e-14
-2.99658e-14
-3.28033e-14
-3.59046e-14
-3.91382e-14
-4.22327e-14
-4.47563e-14
-4.62004e-14
-4.62004e-14
-4.47563e-14
-4.22327e-14
-3.91382e-14
-3.59046e-14
-3.28033e-14
-2.99658e-14
-2.74339e-14
-2.52019e-14
-2.32435e-14
-2.42725e-14
-2.65292e-14
-2.91719e-14
-3.22742e-14
-3.59046e-14
-4.00929e-14
-4.47563e-14
-4.95647e-14
-5.37903e-14
-5.63532e-14
-5.63532e-14
-5.37903e-14
-4.95647e-14
-4.47563e-14
-4.00929e-14
-3.59046e-14
-3.22742e-14
-2.91719e-14
-2.65292e-14
-2.42725e-14
-2.52019e-14
-2.77567e-14
-3.08283e-14
-3.45619e-14
-3.91382e-14
-4.47563e-14
-5.15481e-14
-5.93212e-14
-6.70057e-14
-7.21673e-14
-7.21673e-14
-6.70057e-14
-5.93212e-14
-5.15481e-14
-4.47563e-14
-3.91382e-14
-3.45619e-14
-3.08283e-14
-2.77567e-14
-2.52019e-14
-2.59736e-14
-2.87979e-14
-3.22742e-14
-3.66374e-14
-4.22327e-14
-4.95647e-14
-5.93212e-14
-7.21673e-14
-8.75157e-14
-1.00078e-13
-1.00078e-13
-8.75157e-14
-7.21673e-14
-5.93212e-14
-4.95647e-14
-4.22327e-14
-3.66374e-14
-3.22742e-14
-2.87979e-14
-2.59736e-14
-2.65292e-14
-2.95609e-14
-3.33593e-14
-3.82486e-14
-4.47563e-14
-5.37903e-14
-6.70057e-14
-8.75157e-14
-1.20279e-13
-1.61371e-13
-1.61371e-13
-1.20279e-13
-8.75157e-14
-6.70057e-14
-5.37903e-14
-4.47563e-14
-3.82486e-14
-3.33593e-14
-2.95609e-14
-2.65292e-14
-2.68208e-14
-2.99658e-14
-3.39446e-14
-3.91382e-14
-4.62004e-14
-5.63532e-14
-7.21673e-14
-1.00078e-13
-1.61371e-13
-3.60837e-13
-3.60837e-13
-1.61371e-13
-1.00078e-13
-7.21673e-14
-5.63532e-14
-4.62004e-14
-3.91382e-14
-3.39446e-14
-2.99658e-14
-2.68208e-14
-2.68208e-14
-2.99658e-14
-3.39446e-14
-3.91382e-14
-4.62004e-14
-5.63532e-14
-7.21673e-14
-1.00078e-13
-1.61371e-13
-3.60837e-13
-3.60837e-13
-1.61371e-13
-1.00078e-13
-7.21673e-14
-5.63532e-14
-4.62004e-14
-3.91382e-14
-3.39446e-14
-2.99658e-14
-2.68208e-14
-2.65292e-14
-2.95609e-14
-3.33593e-14
-3.82486e-14
-4.47563e-14
-5.37903e-14
-6.70057e-14
-8.75157e-14
-1.20279e-13
-1.61371e-13
-1.61371e-13
-1.20279e-13
-8.75157e-14
-6.70057e-14
-5.37903e-14
-4.47563e-14
-3.82486e-14
-3.33593e-14
-2.95609e-14
-2.65292e-14
-2.59736e-14
-2.87979e-14
-3.22742e-14
-3.66374e-14
-4.22327e-14
-4.95647e-14
-5.93212e-14
-7.21673e-14
-8.75157e-14
-1.00078e-13
-1.00078e-13
-8.75157e-14
-7.21673e-14
-5.93212e-14
-4.95647e-14
-4.22327e-14
-3.66374e-14
-3.22742e-14
-2.87979e-14
-2.59736e-14
-2.52019e-14
-2.77567e-14
-3.08283e-14
-3.45619e-14
-3.91382e-14
-4.47563e-14
-5.15481e-14
-5.93212e-14
-6.70057e-14
-7.21673e-14
-7.21673e-14
-6.70057e-14
-5.93212e-14
-5.15481e-14
-4.47563e-14
-3.91382e-14
-3.45619e-14
-3.08283e-14
-2.77567e-14
-2.52019e-14
-2.42725e-14
-2.65292e-14
-2.91719e-14
-3.22742e-14
-3.59046e-14
-4.00929e-14
-4.47563e-14
-4.95647e-14
-5.37903e-14
-5.63532e-14
-5.63532e-14
-5.37903e-14
-4.95647e-14
-4.47563e-14
-4.00929e-14
-3.59046e-14
-3.22742e-14
-2.91719e-14
-2.65292e-14
-2.42725e-14
-2.32435e-14
-2.52019e-14
-2.74339e-14
-2.99658e-14
-3.28033e-14
-3.59046e-14
-3.91382e-14
-4.22327e-14
-4.47563e-14
-4.62004e-14
-4.62004e-14
-4.47563e-14
-4.22327e-14
-3.91382e-14
-3.59046e-14
-3.28033e-14
-2.99658e-14
-2.74339e-14
-2.52019e-14
-2.32435e-14
-2.2166e-14
-2.38447e-14
-2.57085e-14
-2.77567e-14
-2.99658e-14
-3.22742e-14
-3.45619e-14
-3.66374e-14
-3.82486e-14
-3.91382e-14
-3.91382e-14
-3.82486e-14
-3.66374e-14
-3.45619e-14
-3.22742e-14
-2.99658e-14
-2.77567e-14
-2.57085e-14
-2.38447e-14
-2.2166e-14
-2.10803e-14
-2.25084e-14
-2.40558e-14
-2.57085e-14
-2.74339e-14
-2.91719e-14
-3.08283e-14
-3.22742e-14
-3.33593e-14
-3.39446e-14
-3.39446e-14
-3.33593e-14
-3.22742e-14
-3.08283e-14
-2.91719e-14
-2.74339e-14
-2.57085e-14
-2.40558e-14
-2.25084e-14
-2.10803e-14
-2.00156e-14
-2.12257e-14
-2.25084e-14
-2.38447e-14
-2.52019e-14
-2.65292e-14
-2.77567e-14
-2.87979e-14
-2.95609e-14
-2.99658e-14
-2.99658e-14
-2.95609e-14
-2.87979e-14
-2.77567e-14
-2.65292e-14
-2.52019e-14
-2.38447e-14
-2.25084e-14
-2.12257e-14
-2.00156e-14
-1.89914e-14
-2.00156e-14
-2.10803e-14
-2.2166e-14
-2.32435e-14
-2.42725e-14
-2.52019e-14
-2.59736e-14
-2.65292e-14
-2.68208e-14
-2.68208e-14
-2.65292e-14
-2.59736e-14
-2.52019e-14
-2.42725e-14
-2.32435e-14
-2.2166e-14
-2.10803e-14
-2.00156e-14
-1.89914e-14
)
;

boundaryField
{
    movingWall
    {
        type            zeroGradient;
    }
    fixedWalls
    {
        type            zeroGradient;
    }
    frontAndBack
    {
        type            empty;
    }
}


// ************************************************************************* //
