/*--------------------------------*- C++ -*----------------------------------*\
| =========                 |                                                 |
| \\      /  F ield         | OpenFOAM: The Open Source CFD Toolbox           |
|  \\    /   O peration     | Version:  v2012                                 |
|   \\  /    A nd           | Website:  www.openfoam.com                      |
|    \\/     M anipulation  |                                                 |
\*---------------------------------------------------------------------------*/
FoamFile
{
    version     2.0;
    format      ascii;
    class       volScalarField;
    location    "1";
    object      p;
}
// * * * * * * * * * * * * * * * * * * * * * * * * * * * * * * * * * * * * * //

dimensions      [0 2 -2 0 0 0 0];


internalField   nonuniform List<scalar> 
400
(
-2.51457e-16
-2.65019e-16
-2.79116e-16
-2.93491e-16
-3.07758e-16
-3.21382e-16
-3.33689e-16
-3.43906e-16
-3.51263e-16
-3.55123e-16
-3.55123e-16
-3.51263e-16
-3.43906e-16
-3.33689e-16
-3.21382e-16
-3.07758e-16
-2.93491e-16
-2.79116e-16
-2.65019e-16
-2.51457e-16
-2.65019e-16
-2.81041e-16
-2.98024e-16
-3.15719e-16
-3.33689e-16
-3.51263e-16
-3.67515e-16
-3.81301e-16
-3.91404e-16
-3.96766e-16
-3.96766e-16
-3.91404e-16
-3.81301e-16
-3.67515e-16
-3.51263e-16
-3.33689e-16
-3.15719e-16
-2.98024e-16
-2.81041e-16
-2.65019e-16
-2.79116e-16
-2.98024e-16
-3.18513e-16
-3.40396e-16
-3.63241e-16
-3.86254e-16
-4.08186e-16
-4.2733e-16
-4.41698e-16
-4.49447e-16
-4.49447e-16
-4.41698e-16
-4.2733e-16
-4.08186e-16
-3.86254e-16
-3.63241e-16
-3.40396e-16
-3.18513e-16
-2.98024e-16
-2.79116e-16
-2.93491e-16
-3.15719e-16
-3.40396e-16
-3.67515e-16
-3.96766e-16
-4.2733e-16
-4.5762e-16
-4.85101e-16
-5.06434e-16
-5.18213e-16
-5.18213e-16
-5.06434e-16
-4.85101e-16
-4.5762e-16
-4.2733e-16
-3.96766e-16
-3.67515e-16
-3.40396e-16
-3.15719e-16
-2.93491e-16
-3.07758e-16
-3.33689e-16
-3.63241e-16
-3.96766e-16
-4.34336e-16
-4.75398e-16
-5.18213e-16
-5.59187e-16
-5.926e-16
-6.11721e-16
-6.11721e-16
-5.926e-16
-5.59187e-16
-5.18213e-16
-4.75398e-16
-4.34336e-16
-3.96766e-16
-3.63241e-16
-3.33689e-16
-3.07758e-16
-3.21382e-16
-3.51263e-16
-3.86254e-16
-4.2733e-16
-4.75398e-16
-5.30855e-16
-5.926e-16
-6.56267e-16
-7.12216e-16
-7.4615e-16
-7.4615e-16
-7.12216e-16
-6.56267e-16
-5.926e-16
-5.30855e-16
-4.75398e-16
-4.2733e-16
-3.86254e-16
-3.51263e-16
-3.21382e-16
-3.33689e-16
-3.67515e-16
-4.08186e-16
-4.5762e-16
-5.18213e-16
-5.926e-16
-6.82527e-16
-7.85448e-16
-8.87195e-16
-9.55538e-16
-9.55538e-16
-8.87195e-16
-7.85448e-16
-6.82527e-16
-5.926e-16
-5.18213e-16
-4.5762e-16
-4.08186e-16
-3.67515e-16
-3.33689e-16
-3.43906e-16
-3.81301e-16
-4.2733e-16
-4.85101e-16
-5.59187e-16
-6.56267e-16
-7.85448e-16
-9.55538e-16
-1.15876e-15
-1.32509e-15
-1.32509e-15
-1.15876e-15
-9.55538e-16
-7.85448e-16
-6.56267e-16
-5.59187e-16
-4.85101e-16
-4.2733e-16
-3.81301e-16
-3.43906e-16
-3.51263e-16
-3.91404e-16
-4.41698e-16
-5.06434e-16
-5.926e-16
-7.12216e-16
-8.87195e-16
-1.15876e-15
-1.59256e-15
-2.13665e-15
-2.13665e-15
-1.59256e-15
-1.15876e-15
-8.87195e-16
-7.12216e-16
-5.926e-16
-5.06434e-16
-4.41698e-16
-3.91404e-16
-3.51263e-16
-3.55123e-16
-3.96766e-16
-4.49447e-16
-5.18213e-16
-6.11721e-16
-7.4615e-16
-9.55538e-16
-1.32509e-15
-2.13665e-15
-4.77769e-15
-4.77769e-15
-2.13665e-15
-1.32509e-15
-9.55538e-16
-7.4615e-16
-6.11721e-16
-5.18213e-16
-4.49447e-16
-3.96766e-16
-3.55123e-16
-3.55123e-16
-3.96766e-16
-4.49447e-16
-5.18213e-16
-6.11721e-16
-7.4615e-16
-9.55538e-16
-1.32509e-15
-2.13665e-15
-4.77769e-15
-4.77769e-15
-2.13665e-15
-1.32509e-15
-9.55538e-16
-7.4615e-16
-6.11721e-16
-5.18213e-16
-4.49447e-16
-3.96766e-16
-3.55123e-16
-3.51263e-16
-3.91404e-16
-4.41698e-16
-5.06434e-16
-5.926e-16
-7.12216e-16
-8.87195e-16
-1.15876e-15
-1.59256e-15
-2.13665e-15
-2.13665e-15
-1.59256e-15
-1.15876e-15
-8.87195e-16
-7.12216e-16
-5.926e-16
-5.06434e-16
-4.41698e-16
-3.91404e-16
-3.51263e-16
-3.43906e-16
-3.81301e-16
-4.2733e-16
-4.85101e-16
-5.59187e-16
-6.56267e-16
-7.85448e-16
-9.55538e-16
-1.15876e-15
-1.32509e-15
-1.32509e-15
-1.15876e-15
-9.55538e-16
-7.85448e-16
-6.56267e-16
-5.59187e-16
-4.85101e-16
-4.2733e-16
-3.81301e-16
-3.43906e-16
-3.33689e-16
-3.67515e-16
-4.08186e-16
-4.5762e-16
-5.18213e-16
-5.926e-16
-6.82527e-16
-7.85448e-16
-8.87195e-16
-9.55538e-16
-9.55538e-16
-8.87195e-16
-7.85448e-16
-6.82527e-16
-5.926e-16
-5.18213e-16
-4.5762e-16
-4.08186e-16
-3.67515e-16
-3.33689e-16
-3.21382e-16
-3.51263e-16
-3.86254e-16
-4.2733e-16
-4.75398e-16
-5.30855e-16
-5.926e-16
-6.56267e-16
-7.12216e-16
-7.4615e-16
-7.4615e-16
-7.12216e-16
-6.56267e-16
-5.926e-16
-5.30855e-16
-4.75398e-16
-4.2733e-16
-3.86254e-16
-3.51263e-16
-3.21382e-16
-3.07758e-16
-3.33689e-16
-3.63241e-16
-3.96766e-16
-4.34336e-16
-4.75398e-16
-5.18213e-16
-5.59187e-16
-5.926e-16
-6.11721e-16
-6.11721e-16
-5.926e-16
-5.59187e-16
-5.18213e-16
-4.75398e-16
-4.34336e-16
-3.96766e-16
-3.63241e-16
-3.33689e-16
-3.07758e-16
-2.93491e-16
-3.15719e-16
-3.40396e-16
-3.67515e-16
-3.96766e-16
-4.2733e-16
-4.5762e-16
-4.85101e-16
-5.06434e-16
-5.18213e-16
-5.18213e-16
-5.06434e-16
-4.85101e-16
-4.5762e-16
-4.2733e-16
-3.96766e-16
-3.67515e-16
-3.40396e-16
-3.15719e-16
-2.93491e-16
-2.79116e-16
-2.98024e-16
-3.18513e-16
-3.40396e-16
-3.63241e-16
-3.86254e-16
-4.08186e-16
-4.2733e-16
-4.41698e-16
-4.49447e-16
-4.49447e-16
-4.41698e-16
-4.2733e-16
-4.08186e-16
-3.86254e-16
-3.63241e-16
-3.40396e-16
-3.18513e-16
-2.98024e-16
-2.79116e-16
-2.65019e-16
-2.81041e-16
-2.98024e-16
-3.15719e-16
-3.33689e-16
-3.51263e-16
-3.67515e-16
-3.81301e-16
-3.91404e-16
-3.96766e-16
-3.96766e-16
-3.91404e-16
-3.81301e-16
-3.67515e-16
-3.51263e-16
-3.33689e-16
-3.15719e-16
-2.98024e-16
-2.81041e-16
-2.65019e-16
-2.51457e-16
-2.65019e-16
-2.79116e-16
-2.93491e-16
-3.07758e-16
-3.21382e-16
-3.33689e-16
-3.43906e-16
-3.51263e-16
-3.55123e-16
-3.55123e-16
-3.51263e-16
-3.43906e-16
-3.33689e-16
-3.21382e-16
-3.07758e-16
-2.93491e-16
-2.79116e-16
-2.65019e-16
-2.51457e-16
)
;

boundaryField
{
    movingWall
    {
        type            zeroGradient;
    }
    fixedWalls
    {
        type            zeroGradient;
    }
    frontAndBack
    {
        type            empty;
    }
}


// ************************************************************************* //
