/*--------------------------------*- C++ -*----------------------------------*\
| =========                 |                                                 |
| \\      /  F ield         | OpenFOAM: The Open Source CFD Toolbox           |
|  \\    /   O peration     | Version:  v2012                                 |
|   \\  /    A nd           | Website:  www.openfoam.com                      |
|    \\/     M anipulation  |                                                 |
\*---------------------------------------------------------------------------*/
FoamFile
{
    version     2.0;
    format      ascii;
    class       volScalarField;
    location    "1.5";
    object      p;
}
// * * * * * * * * * * * * * * * * * * * * * * * * * * * * * * * * * * * * * //

dimensions      [0 2 -2 0 0 0 0];


internalField   nonuniform List<scalar> 
400
(
3.77186e-16
3.97528e-16
4.18674e-16
4.40237e-16
4.61637e-16
4.82074e-16
5.00533e-16
5.15859e-16
5.26894e-16
5.32685e-16
5.32685e-16
5.26894e-16
5.15859e-16
5.00533e-16
4.82074e-16
4.61637e-16
4.40237e-16
4.18674e-16
3.97528e-16
3.77186e-16
3.97528e-16
4.21561e-16
4.47036e-16
4.73578e-16
5.00533e-16
5.26894e-16
5.51272e-16
5.71952e-16
5.87106e-16
5.95149e-16
5.95149e-16
5.87106e-16
5.71952e-16
5.51272e-16
5.26894e-16
5.00533e-16
4.73578e-16
4.47036e-16
4.21561e-16
3.97528e-16
4.18674e-16
4.47036e-16
4.77769e-16
5.10595e-16
5.44862e-16
5.7938e-16
6.12279e-16
6.40995e-16
6.62547e-16
6.74171e-16
6.74171e-16
6.62547e-16
6.40995e-16
6.12279e-16
5.7938e-16
5.44862e-16
5.10595e-16
4.77769e-16
4.47036e-16
4.18674e-16
4.40237e-16
4.73578e-16
5.10595e-16
5.51272e-16
5.95149e-16
6.40995e-16
6.8643e-16
7.27652e-16
7.59652e-16
7.7732e-16
7.7732e-16
7.59652e-16
7.27652e-16
6.8643e-16
6.40995e-16
5.95149e-16
5.51272e-16
5.10595e-16
4.73578e-16
4.40237e-16
4.61637e-16
5.00533e-16
5.44862e-16
5.95149e-16
6.51503e-16
7.13097e-16
7.7732e-16
8.3878e-16
8.889e-16
9.17581e-16
9.17581e-16
8.889e-16
8.3878e-16
7.7732e-16
7.13097e-16
6.51503e-16
5.95149e-16
5.44862e-16
5.00533e-16
4.61637e-16
4.82074e-16
5.26894e-16
5.7938e-16
6.40995e-16
7.13097e-16
7.96282e-16
8.889e-16
9.844e-16
1.06832e-15
1.11923e-15
1.11923e-15
1.06832e-15
9.844e-16
8.889e-16
7.96282e-16
7.13097e-16
6.40995e-16
5.7938e-16
5.26894e-16
4.82074e-16
5.00533e-16
5.51272e-16
6.12279e-16
6.8643e-16
7.7732e-16
8.889e-16
1.02379e-15
1.17817e-15
1.33079e-15
1.43331e-15
1.43331e-15
1.33079e-15
1.17817e-15
1.02379e-15
8.889e-16
7.7732e-16
6.8643e-16
6.12279e-16
5.51272e-16
5.00533e-16
5.15859e-16
5.71952e-16
6.40995e-16
7.27652e-16
8.3878e-16
9.844e-16
1.17817e-15
1.43331e-15
1.73814e-15
1.98764e-15
1.98764e-15
1.73814e-15
1.43331e-15
1.17817e-15
9.844e-16
8.3878e-16
7.27652e-16
6.40995e-16
5.71952e-16
5.15859e-16
5.26894e-16
5.87106e-16
6.62547e-16
7.59652e-16
8.889e-16
1.06832e-15
1.33079e-15
1.73814e-15
2.38885e-15
3.20497e-15
3.20497e-15
2.38885e-15
1.73814e-15
1.33079e-15
1.06832e-15
8.889e-16
7.59652e-16
6.62547e-16
5.87106e-16
5.26894e-16
5.32685e-16
5.95149e-16
6.74171e-16
7.7732e-16
9.17581e-16
1.11923e-15
1.43331e-15
1.98764e-15
3.20497e-15
7.16654e-15
7.16654e-15
3.20497e-15
1.98764e-15
1.43331e-15
1.11923e-15
9.17581e-16
7.7732e-16
6.74171e-16
5.95149e-16
5.32685e-16
5.32685e-16
5.95149e-16
6.74171e-16
7.7732e-16
9.17581e-16
1.11923e-15
1.43331e-15
1.98764e-15
3.20497e-15
7.16654e-15
7.16654e-15
3.20497e-15
1.98764e-15
1.43331e-15
1.11923e-15
9.17581e-16
7.7732e-16
6.74171e-16
5.95149e-16
5.32685e-16
5.26894e-16
5.87106e-16
6.62547e-16
7.59652e-16
8.889e-16
1.06832e-15
1.33079e-15
1.73814e-15
2.38885e-15
3.20497e-15
3.20497e-15
2.38885e-15
1.73814e-15
1.33079e-15
1.06832e-15
8.889e-16
7.59652e-16
6.62547e-16
5.87106e-16
5.26894e-16
5.15859e-16
5.71952e-16
6.40995e-16
7.27652e-16
8.3878e-16
9.844e-16
1.17817e-15
1.43331e-15
1.73814e-15
1.98764e-15
1.98764e-15
1.73814e-15
1.43331e-15
1.17817e-15
9.844e-16
8.3878e-16
7.27652e-16
6.40995e-16
5.71952e-16
5.15859e-16
5.00533e-16
5.51272e-16
6.12279e-16
6.8643e-16
7.7732e-16
8.889e-16
1.02379e-15
1.17817e-15
1.33079e-15
1.43331e-15
1.43331e-15
1.33079e-15
1.17817e-15
1.02379e-15
8.889e-16
7.7732e-16
6.8643e-16
6.12279e-16
5.51272e-16
5.00533e-16
4.82074e-16
5.26894e-16
5.7938e-16
6.40995e-16
7.13097e-16
7.96282e-16
8.889e-16
9.844e-16
1.06832e-15
1.11923e-15
1.11923e-15
1.06832e-15
9.844e-16
8.889e-16
7.96282e-16
7.13097e-16
6.40995e-16
5.7938e-16
5.26894e-16
4.82074e-16
4.61637e-16
5.00533e-16
5.44862e-16
5.95149e-16
6.51503e-16
7.13097e-16
7.7732e-16
8.3878e-16
8.889e-16
9.17581e-16
9.17581e-16
8.889e-16
8.3878e-16
7.7732e-16
7.13097e-16
6.51503e-16
5.95149e-16
5.44862e-16
5.00533e-16
4.61637e-16
4.40237e-16
4.73578e-16
5.10595e-16
5.51272e-16
5.95149e-16
6.40995e-16
6.8643e-16
7.27652e-16
7.59652e-16
7.7732e-16
7.7732e-16
7.59652e-16
7.27652e-16
6.8643e-16
6.40995e-16
5.95149e-16
5.51272e-16
5.10595e-16
4.73578e-16
4.40237e-16
4.18674e-16
4.47036e-16
4.77769e-16
5.10595e-16
5.44862e-16
5.7938e-16
6.12279e-16
6.40995e-16
6.62547e-16
6.74171e-16
6.74171e-16
6.62547e-16
6.40995e-16
6.12279e-16
5.7938e-16
5.44862e-16
5.10595e-16
4.77769e-16
4.47036e-16
4.18674e-16
3.97528e-16
4.21561e-16
4.47036e-16
4.73578e-16
5.00533e-16
5.26894e-16
5.51272e-16
5.71952e-16
5.87106e-16
5.95149e-16
5.95149e-16
5.87106e-16
5.71952e-16
5.51272e-16
5.26894e-16
5.00533e-16
4.73578e-16
4.47036e-16
4.21561e-16
3.97528e-16
3.77186e-16
3.97528e-16
4.18674e-16
4.40237e-16
4.61637e-16
4.82074e-16
5.00533e-16
5.15859e-16
5.26894e-16
5.32685e-16
5.32685e-16
5.26894e-16
5.15859e-16
5.00533e-16
4.82074e-16
4.61637e-16
4.40237e-16
4.18674e-16
3.97528e-16
3.77186e-16
)
;

boundaryField
{
    movingWall
    {
        type            zeroGradient;
    }
    fixedWalls
    {
        type            zeroGradient;
    }
    frontAndBack
    {
        type            empty;
    }
}


// ************************************************************************* //
