/*--------------------------------*- C++ -*----------------------------------*\
| =========                 |                                                 |
| \\      /  F ield         | OpenFOAM: The Open Source CFD Toolbox           |
|  \\    /   O peration     | Version:  v2012                                 |
|   \\  /    A nd           | Website:  www.openfoam.com                      |
|    \\/     M anipulation  |                                                 |
\*---------------------------------------------------------------------------*/
FoamFile
{
    version     2.0;
    format      ascii;
    class       volScalarField;
    location    "9.5";
    object      p;
}
// * * * * * * * * * * * * * * * * * * * * * * * * * * * * * * * * * * * * * //

dimensions      [0 2 -2 0 0 0 0];


internalField   nonuniform List<scalar> 
400
(
6.03625e-15
6.36179e-15
6.70019e-15
7.04527e-15
7.38775e-15
7.7148e-15
8.01021e-15
8.25548e-15
8.43209e-15
8.52475e-15
8.52475e-15
8.43209e-15
8.25548e-15
8.01021e-15
7.7148e-15
7.38775e-15
7.04527e-15
6.70019e-15
6.36179e-15
6.03625e-15
6.36179e-15
6.7464e-15
7.15409e-15
7.57885e-15
8.01021e-15
8.43209e-15
8.82221e-15
9.15316e-15
9.39567e-15
9.52438e-15
9.52438e-15
9.39567e-15
9.15316e-15
8.82221e-15
8.43209e-15
8.01021e-15
7.57885e-15
7.15409e-15
6.7464e-15
6.36179e-15
6.70019e-15
7.15409e-15
7.64592e-15
8.17124e-15
8.71963e-15
9.27204e-15
9.79852e-15
1.02581e-14
1.0603e-14
1.0789e-14
1.0789e-14
1.0603e-14
1.02581e-14
9.79852e-15
9.27204e-15
8.71963e-15
8.17124e-15
7.64592e-15
7.15409e-15
6.70019e-15
7.04527e-15
7.57885e-15
8.17124e-15
8.82221e-15
9.52438e-15
1.02581e-14
1.09852e-14
1.16449e-14
1.2157e-14
1.24397e-14
1.24397e-14
1.2157e-14
1.16449e-14
1.09852e-14
1.02581e-14
9.52438e-15
8.82221e-15
8.17124e-15
7.57885e-15
7.04527e-15
7.38775e-15
8.01021e-15
8.71963e-15
9.52438e-15
1.04263e-14
1.1412e-14
1.24397e-14
1.34233e-14
1.42254e-14
1.46844e-14
1.46844e-14
1.42254e-14
1.34233e-14
1.24397e-14
1.1412e-14
1.04263e-14
9.52438e-15
8.71963e-15
8.01021e-15
7.38775e-15
7.7148e-15
8.43209e-15
9.27204e-15
1.02581e-14
1.1412e-14
1.27432e-14
1.42254e-14
1.57537e-14
1.70968e-14
1.79114e-14
1.79114e-14
1.70968e-14
1.57537e-14
1.42254e-14
1.27432e-14
1.1412e-14
1.02581e-14
9.27204e-15
8.43209e-15
7.7148e-15
8.01021e-15
8.82221e-15
9.79852e-15
1.09852e-14
1.24397e-14
1.42254e-14
1.63841e-14
1.88547e-14
2.12972e-14
2.29378e-14
2.29378e-14
2.12972e-14
1.88547e-14
1.63841e-14
1.42254e-14
1.24397e-14
1.09852e-14
9.79852e-15
8.82221e-15
8.01021e-15
8.25548e-15
9.15316e-15
1.02581e-14
1.16449e-14
1.34233e-14
1.57537e-14
1.88547e-14
2.29378e-14
2.78161e-14
3.18089e-14
3.18089e-14
2.78161e-14
2.29378e-14
1.88547e-14
1.57537e-14
1.34233e-14
1.16449e-14
1.02581e-14
9.15316e-15
8.25548e-15
8.43209e-15
9.39567e-15
1.0603e-14
1.2157e-14
1.42254e-14
1.70968e-14
2.12972e-14
2.78161e-14
3.82296e-14
5.12904e-14
5.12904e-14
3.82296e-14
2.78161e-14
2.12972e-14
1.70968e-14
1.42254e-14
1.2157e-14
1.0603e-14
9.39567e-15
8.43209e-15
8.52475e-15
9.52438e-15
1.0789e-14
1.24397e-14
1.46844e-14
1.79114e-14
2.29378e-14
3.18089e-14
5.12904e-14
1.14689e-13
1.14689e-13
5.12904e-14
3.18089e-14
2.29378e-14
1.79114e-14
1.46844e-14
1.24397e-14
1.0789e-14
9.52438e-15
8.52475e-15
8.52475e-15
9.52438e-15
1.0789e-14
1.24397e-14
1.46844e-14
1.79114e-14
2.29378e-14
3.18089e-14
5.12904e-14
1.14689e-13
1.14689e-13
5.12904e-14
3.18089e-14
2.29378e-14
1.79114e-14
1.46844e-14
1.24397e-14
1.0789e-14
9.52438e-15
8.52475e-15
8.43209e-15
9.39567e-15
1.0603e-14
1.2157e-14
1.42254e-14
1.70968e-14
2.12972e-14
2.78161e-14
3.82296e-14
5.12904e-14
5.12904e-14
3.82296e-14
2.78161e-14
2.12972e-14
1.70968e-14
1.42254e-14
1.2157e-14
1.0603e-14
9.39567e-15
8.43209e-15
8.25548e-15
9.15316e-15
1.02581e-14
1.16449e-14
1.34233e-14
1.57537e-14
1.88547e-14
2.29378e-14
2.78161e-14
3.18089e-14
3.18089e-14
2.78161e-14
2.29378e-14
1.88547e-14
1.57537e-14
1.34233e-14
1.16449e-14
1.02581e-14
9.15316e-15
8.25548e-15
8.01021e-15
8.82221e-15
9.79852e-15
1.09852e-14
1.24397e-14
1.42254e-14
1.63841e-14
1.88547e-14
2.12972e-14
2.29378e-14
2.29378e-14
2.12972e-14
1.88547e-14
1.63841e-14
1.42254e-14
1.24397e-14
1.09852e-14
9.79852e-15
8.82221e-15
8.01021e-15
7.7148e-15
8.43209e-15
9.27204e-15
1.02581e-14
1.1412e-14
1.27432e-14
1.42254e-14
1.57537e-14
1.70968e-14
1.79114e-14
1.79114e-14
1.70968e-14
1.57537e-14
1.42254e-14
1.27432e-14
1.1412e-14
1.02581e-14
9.27204e-15
8.43209e-15
7.7148e-15
7.38775e-15
8.01021e-15
8.71963e-15
9.52438e-15
1.04263e-14
1.1412e-14
1.24397e-14
1.34233e-14
1.42254e-14
1.46844e-14
1.46844e-14
1.42254e-14
1.34233e-14
1.24397e-14
1.1412e-14
1.04263e-14
9.52438e-15
8.71963e-15
8.01021e-15
7.38775e-15
7.04527e-15
7.57885e-15
8.17124e-15
8.82221e-15
9.52438e-15
1.02581e-14
1.09852e-14
1.16449e-14
1.2157e-14
1.24397e-14
1.24397e-14
1.2157e-14
1.16449e-14
1.09852e-14
1.02581e-14
9.52438e-15
8.82221e-15
8.17124e-15
7.57885e-15
7.04527e-15
6.70019e-15
7.15409e-15
7.64592e-15
8.17124e-15
8.71963e-15
9.27204e-15
9.79852e-15
1.02581e-14
1.0603e-14
1.0789e-14
1.0789e-14
1.0603e-14
1.02581e-14
9.79852e-15
9.27204e-15
8.71963e-15
8.17124e-15
7.64592e-15
7.15409e-15
6.70019e-15
6.36179e-15
6.7464e-15
7.15409e-15
7.57885e-15
8.01021e-15
8.43209e-15
8.82221e-15
9.15316e-15
9.39567e-15
9.52438e-15
9.52438e-15
9.39567e-15
9.15316e-15
8.82221e-15
8.43209e-15
8.01021e-15
7.57885e-15
7.15409e-15
6.7464e-15
6.36179e-15
6.03625e-15
6.36179e-15
6.70019e-15
7.04527e-15
7.38775e-15
7.7148e-15
8.01021e-15
8.25548e-15
8.43209e-15
8.52475e-15
8.52475e-15
8.43209e-15
8.25548e-15
8.01021e-15
7.7148e-15
7.38775e-15
7.04527e-15
6.70019e-15
6.36179e-15
6.03625e-15
)
;

boundaryField
{
    movingWall
    {
        type            zeroGradient;
    }
    fixedWalls
    {
        type            zeroGradient;
    }
    frontAndBack
    {
        type            empty;
    }
}


// ************************************************************************* //
