/*--------------------------------*- C++ -*----------------------------------*\
| =========                 |                                                 |
| \\      /  F ield         | OpenFOAM: The Open Source CFD Toolbox           |
|  \\    /   O peration     | Version:  v2012                                 |
|   \\  /    A nd           | Website:  www.openfoam.com                      |
|    \\/     M anipulation  |                                                 |
\*---------------------------------------------------------------------------*/
FoamFile
{
    version     2.0;
    format      ascii;
    class       volScalarField;
    location    "5";
    object      p;
}
// * * * * * * * * * * * * * * * * * * * * * * * * * * * * * * * * * * * * * //

dimensions      [0 2 -2 0 0 0 0];


internalField   nonuniform List<scalar> 
400
(
-6.32632e-14
-6.6675e-14
-7.02216e-14
-7.38383e-14
-7.74276e-14
-8.08553e-14
-8.39513e-14
-8.65219e-14
-8.83728e-14
-8.9344e-14
-8.9344e-14
-8.83728e-14
-8.65219e-14
-8.39513e-14
-8.08553e-14
-7.74276e-14
-7.38383e-14
-7.02216e-14
-6.6675e-14
-6.32632e-14
-6.6675e-14
-7.07059e-14
-7.49787e-14
-7.94304e-14
-8.39513e-14
-8.83728e-14
-9.24615e-14
-9.59301e-14
-9.84717e-14
-9.98207e-14
-9.98207e-14
-9.84717e-14
-9.59301e-14
-9.24615e-14
-8.83728e-14
-8.39513e-14
-7.94304e-14
-7.49787e-14
-7.07059e-14
-6.6675e-14
-7.02216e-14
-7.49787e-14
-8.01333e-14
-8.5639e-14
-9.13864e-14
-9.7176e-14
-1.02694e-13
-1.0751e-13
-1.11125e-13
-1.13075e-13
-1.13075e-13
-1.11125e-13
-1.0751e-13
-1.02694e-13
-9.7176e-14
-9.13864e-14
-8.5639e-14
-8.01333e-14
-7.49787e-14
-7.02216e-14
-7.38383e-14
-7.94304e-14
-8.5639e-14
-9.24615e-14
-9.98207e-14
-1.0751e-13
-1.15131e-13
-1.22045e-13
-1.27412e-13
-1.30375e-13
-1.30375e-13
-1.27412e-13
-1.22045e-13
-1.15131e-13
-1.0751e-13
-9.98207e-14
-9.24615e-14
-8.5639e-14
-7.94304e-14
-7.38383e-14
-7.74276e-14
-8.39513e-14
-9.13864e-14
-9.98207e-14
-1.09273e-13
-1.19603e-13
-1.30375e-13
-1.40683e-13
-1.4909e-13
-1.539e-13
-1.539e-13
-1.4909e-13
-1.40683e-13
-1.30375e-13
-1.19603e-13
-1.09273e-13
-9.98207e-14
-9.13864e-14
-8.39513e-14
-7.74276e-14
-8.08553e-14
-8.83728e-14
-9.7176e-14
-1.0751e-13
-1.19603e-13
-1.33556e-13
-1.4909e-13
-1.65107e-13
-1.79184e-13
-1.87721e-13
-1.87721e-13
-1.79184e-13
-1.65107e-13
-1.4909e-13
-1.33556e-13
-1.19603e-13
-1.0751e-13
-9.7176e-14
-8.83728e-14
-8.08553e-14
-8.39513e-14
-9.24615e-14
-1.02694e-13
-1.15131e-13
-1.30375e-13
-1.4909e-13
-1.71714e-13
-1.97608e-13
-2.23206e-13
-2.404e-13
-2.404e-13
-2.23206e-13
-1.97608e-13
-1.71714e-13
-1.4909e-13
-1.30375e-13
-1.15131e-13
-1.02694e-13
-9.24615e-14
-8.39513e-14
-8.65219e-14
-9.59301e-14
-1.0751e-13
-1.22045e-13
-1.40683e-13
-1.65107e-13
-1.97608e-13
-2.404e-13
-2.91528e-13
-3.33375e-13
-3.33375e-13
-2.91528e-13
-2.404e-13
-1.97608e-13
-1.65107e-13
-1.40683e-13
-1.22045e-13
-1.0751e-13
-9.59301e-14
-8.65219e-14
-8.83728e-14
-9.84717e-14
-1.11125e-13
-1.27412e-13
-1.4909e-13
-1.79184e-13
-2.23206e-13
-2.91528e-13
-4.00667e-13
-5.37551e-13
-5.37551e-13
-4.00667e-13
-2.91528e-13
-2.23206e-13
-1.79184e-13
-1.4909e-13
-1.27412e-13
-1.11125e-13
-9.84717e-14
-8.83728e-14
-8.9344e-14
-9.98207e-14
-1.13075e-13
-1.30375e-13
-1.539e-13
-1.87721e-13
-2.404e-13
-3.33375e-13
-5.37551e-13
-1.202e-12
-1.202e-12
-5.37551e-13
-3.33375e-13
-2.404e-13
-1.87721e-13
-1.539e-13
-1.30375e-13
-1.13075e-13
-9.98207e-14
-8.9344e-14
-8.9344e-14
-9.98207e-14
-1.13075e-13
-1.30375e-13
-1.539e-13
-1.87721e-13
-2.404e-13
-3.33375e-13
-5.37551e-13
-1.202e-12
-1.202e-12
-5.37551e-13
-3.33375e-13
-2.404e-13
-1.87721e-13
-1.539e-13
-1.30375e-13
-1.13075e-13
-9.98207e-14
-8.9344e-14
-8.83728e-14
-9.84717e-14
-1.11125e-13
-1.27412e-13
-1.4909e-13
-1.79184e-13
-2.23206e-13
-2.91528e-13
-4.00667e-13
-5.37551e-13
-5.37551e-13
-4.00667e-13
-2.91528e-13
-2.23206e-13
-1.79184e-13
-1.4909e-13
-1.27412e-13
-1.11125e-13
-9.84717e-14
-8.83728e-14
-8.65219e-14
-9.59301e-14
-1.0751e-13
-1.22045e-13
-1.40683e-13
-1.65107e-13
-1.97608e-13
-2.404e-13
-2.91528e-13
-3.33375e-13
-3.33375e-13
-2.91528e-13
-2.404e-13
-1.97608e-13
-1.65107e-13
-1.40683e-13
-1.22045e-13
-1.0751e-13
-9.59301e-14
-8.65219e-14
-8.39513e-14
-9.24615e-14
-1.02694e-13
-1.15131e-13
-1.30375e-13
-1.4909e-13
-1.71714e-13
-1.97608e-13
-2.23206e-13
-2.404e-13
-2.404e-13
-2.23206e-13
-1.97608e-13
-1.71714e-13
-1.4909e-13
-1.30375e-13
-1.15131e-13
-1.02694e-13
-9.24615e-14
-8.39513e-14
-8.08553e-14
-8.83728e-14
-9.7176e-14
-1.0751e-13
-1.19603e-13
-1.33556e-13
-1.4909e-13
-1.65107e-13
-1.79184e-13
-1.87721e-13
-1.87721e-13
-1.79184e-13
-1.65107e-13
-1.4909e-13
-1.33556e-13
-1.19603e-13
-1.0751e-13
-9.7176e-14
-8.83728e-14
-8.08553e-14
-7.74276e-14
-8.39513e-14
-9.13864e-14
-9.98207e-14
-1.09273e-13
-1.19603e-13
-1.30375e-13
-1.40683e-13
-1.4909e-13
-1.539e-13
-1.539e-13
-1.4909e-13
-1.40683e-13
-1.30375e-13
-1.19603e-13
-1.09273e-13
-9.98207e-14
-9.13864e-14
-8.39513e-14
-7.74276e-14
-7.38383e-14
-7.94304e-14
-8.5639e-14
-9.24615e-14
-9.98207e-14
-1.0751e-13
-1.15131e-13
-1.22045e-13
-1.27412e-13
-1.30375e-13
-1.30375e-13
-1.27412e-13
-1.22045e-13
-1.15131e-13
-1.0751e-13
-9.98207e-14
-9.24615e-14
-8.5639e-14
-7.94304e-14
-7.38383e-14
-7.02216e-14
-7.49787e-14
-8.01333e-14
-8.5639e-14
-9.13864e-14
-9.7176e-14
-1.02694e-13
-1.0751e-13
-1.11125e-13
-1.13075e-13
-1.13075e-13
-1.11125e-13
-1.0751e-13
-1.02694e-13
-9.7176e-14
-9.13864e-14
-8.5639e-14
-8.01333e-14
-7.49787e-14
-7.02216e-14
-6.6675e-14
-7.07059e-14
-7.49787e-14
-7.94304e-14
-8.39513e-14
-8.83728e-14
-9.24615e-14
-9.59301e-14
-9.84717e-14
-9.98207e-14
-9.98207e-14
-9.84717e-14
-9.59301e-14
-9.24615e-14
-8.83728e-14
-8.39513e-14
-7.94304e-14
-7.49787e-14
-7.07059e-14
-6.6675e-14
-6.32632e-14
-6.6675e-14
-7.02216e-14
-7.38383e-14
-7.74276e-14
-8.08553e-14
-8.39513e-14
-8.65219e-14
-8.83728e-14
-8.9344e-14
-8.9344e-14
-8.83728e-14
-8.65219e-14
-8.39513e-14
-8.08553e-14
-7.74276e-14
-7.38383e-14
-7.02216e-14
-6.6675e-14
-6.32632e-14
)
;

boundaryField
{
    movingWall
    {
        type            zeroGradient;
    }
    fixedWalls
    {
        type            zeroGradient;
    }
    frontAndBack
    {
        type            empty;
    }
}


// ************************************************************************* //
